ProblemType:	MC-CARP
NumberNodes:	812
NumberEdges:	1124
DepotNodeNumber:	0
NumberOfFractions:	2
NumberOfIntervalsForFraction	General_Glass_Metal_Plastic_Organic	1	14
NumberOfIntervalsForFraction	Paper	1	14
GRAPH
EdgeNumber	EdgeId	StartNodeNumber	EndNodeNumber	Cost	Demand_0	Bins_0
	Demand_1	Bins_1
START
0	0	0	1	41	0	0	0	0
1	5	2	3	15	0	0	0	0
2	6	3	4	97	15476	28	0	0
3	7	5	6	89	0	0	0	0
4	11	7	8	54	0	0	0	0
5	12	9	10	204	3060	7	2040	4
6	13	9	11	10	0	0	0	0
7	14	11	8	10	0	0	0	0
8	16	12	13	181	42026	54	3060	6
9	20	14	15	122	40562	33	3570	7
10	21	16	17	33	714	7	816	4
11	25	18	19	55	19235	30	3570	7
12	26	20	18	50	0	0	0	0
13	27	21	22	174	10341	9	2550	5
14	28	23	21	99	40700	26	2040	4
15	29	21	24	35	4350	2	1020	2
16	30	25	26	119	6256	15	2754	6
17	31	27	25	55	0	0	0	0
18	32	25	28	141	0	0	0	0
19	33	6	29	39	11724	29	0	0
20	36	29	11	17	0	0	0	0
21	38	30	31	215	11772	44	1377	15
22	39	31	32	484	17845	125	2052	43
23	41	33	34	3	1700	1	0	0
24	42	34	35	162	0	0	0	0
25	48	36	37	79	5372	9	561	2
26	49	38	39	54	0	0	0	0
27	50	39	40	17	10200	5	0	0
28	52	41	42	152	20982	28	2550	5
29	53	43	44	98	36435	28	1020	2
30	54	45	46	86	0	0	0	0
31	57	47	41	61	0	0	0	0
32	58	48	44	119	17112	13	510	1
33	59	49	50	107	7920	13	1020	2
34	60	46	51	63	0	0	0	0
35	61	52	47	166	24353	48	2958	7
36	62	51	53	23	0	0	0	0
37	63	54	55	79	0	0	0	0
38	64	42	56	93	408	1	0	0
39	65	57	58	140	27191	48	3616	13
40	66	59	48	90	9013	6	1020	2
41	67	60	61	226	3536	10	510	1
42	68	53	62	84	16813	20	1122	4
43	69	58	52	153	24892	35	3264	7
44	70	44	57	111	16747	22	2040	4
45	71	63	64	69	0	0	0	0
46	72	64	54	6	0	0	0	0
47	73	62	63	22	9095	8	1020	2
48	74	61	59	111	23484	42	3468	8
49	75	55	60	213	9458	20	2040	4
50	76	50	45	45	0	0	0	0
51	77	65	66	75	0	0	0	0
52	78	67	68	147	0	0	0	0
53	81	69	70	58	6120	6	0	0
54	82	71	72	55	29502	16	1020	2
55	83	73	72	62	25049	17	1530	3
56	84	74	75	19	27082	69	3733	12
57	85	72	74	57	2720	2	0	0
58	86	76	70	56	3825	5	0	0
59	87	75	76	9	0	0	0	0
60	89	77	69	194	2312	4	204	1
61	90	78	79	84	16567	22	1530	3
62	91	80	81	121	5603	26	306	6
63	92	82	83	47	7140	13	1122	4
64	93	84	85	98	15045	13	2040	4
65	94	86	87	105	0	0	0	0
66	95	88	89	6	0	0	0	0
67	100	90	91	244	27093	64	3803	13
68	101	92	90	40	0	0	0	0
69	102	93	94	51	1870	2	0	0
70	103	95	96	110	32001	43	2448	6
71	105	84	97	24	0	0	0	0
72	106	98	99	104	26069	31	1020	2
73	107	99	84	56	12689	6	510	1
74	108	100	99	71	0	0	0	0
75	109	101	102	108	14331	12	510	1
76	110	103	101	145	2023	8	2754	6
77	111	104	105	71	6807	21	1632	5
78	112	104	106	98	5039	17	306	6
79	113	106	107	88	9467	26	1020	11
80	114	108	104	67	32568	19	1530	3
81	115	109	107	257	17801	77	1173	23
82	116	110	111	97	16538	9	1020	2
83	117	112	110	96	21964	29	2346	7
84	118	113	114	150	16728	20	1428	4
85	119	114	115	85	12444	11	1530	3
86	121	117	116	28	0	0	0	0
87	122	118	117	93	13495	9	1530	3
88	123	119	120	122	0	0	0	0
89	124	121	120	107	26118	21	816	4
90	125	122	123	111	1852	11	153	3
91	126	123	124	91	4818	8	561	2
92	127	125	123	128	3638	13	51	1
93	128	123	126	74	2273	10	204	4
94	129	126	127	85	1036	8	102	2
95	130	128	129	115	0	0	0	0
96	131	130	128	72	1785	7	4202	9
97	132	131	132	182	6073	37	2193	16
98	133	131	133	22	0	0	0	0
99	134	134	135	26	0	0	0	0
100	135	136	137	40	0	0	0	0
101	136	138	134	97	2128	12	153	3
102	137	135	136	102	1873	12	204	4
103	138	139	140	228	11579	65	2958	22
104	139	141	142	197	9208	24	4080	4
105	140	143	144	56	17760	30	1938	8
106	142	91	145	11	0	0	0	0
107	143	146	147	133	26091	29	2244	5
108	144	67	66	63	0	0	0	0
109	145	66	148	43	10652	26	1020	2
110	146	149	96	30	0	0	0	0
111	147	65	150	66	0	0	0	0
112	148	151	152	72	0	0	0	0
113	149	153	154	16	0	0	0	0
114	150	155	156	47	0	0	0	0
115	151	149	157	93	25872	36	2346	7
116	152	158	143	20	5712	7	0	0
117	153	145	159	92	15164	16	1530	3
118	154	152	160	88	10540	11	918	3
119	155	156	154	56	0	0	0	0
120	156	151	161	9	0	0	0	0
121	157	159	158	81	4284	4	204	1
122	158	162	146	143	24034	37	3468	8
123	159	162	144	34	0	0	0	0
124	160	155	157	16	0	0	0	0
125	161	153	161	53	0	0	0	0
126	162	160	91	65	0	0	0	0
127	163	96	150	15	0	0	0	0
128	164	163	164	91	3332	5	510	1
129	165	165	166	121	10472	7	510	1
130	166	166	163	94	2312	4	510	1
131	167	167	165	104	8704	12	714	2
132	170	164	168	101	13396	15	1224	3
133	172	169	168	144	6834	7	714	2
134	173	170	171	83	2312	3	204	1
135	174	145	36	154	21332	30	1734	7
136	175	37	172	118	3162	3	51	1
137	176	172	80	71	862	4	51	1
138	177	171	169	57	8896	9	408	2
139	178	173	170	204	19062	21	1938	5
140	179	80	173	139	10608	13	918	3
141	180	174	168	480	0	0	0	0
142	183	175	176	49	8432	6	1020	2
143	188	179	180	17	0	0	0	0
144	189	181	177	77	9235	32	2754	6
145	190	182	183	125	8445	16	3573	10
146	191	182	179	21	0	0	0	0
147	192	177	179	60	7346	24	2040	4
148	193	183	184	70	16918	10	1020	2
149	194	185	186	175	24084	53	4947	22
150	195	187	188	37	437	3	51	1
151	196	189	190	176	7652	43	765	15
152	197	190	140	157	11869	42	1632	14
153	198	191	192	69	2040	10	255	5
154	199	193	194	219	23994	27	1020	2
155	200	195	196	10	0	0	0	0
156	201	196	194	170	9598	11	3919	11
157	203	197	198	84	15155	23	1530	3
158	204	199	200	96	3051	24	306	6
159	205	201	202	76	17060	13	1020	2
160	206	200	201	26	0	0	0	0
161	207	162	203	60	18513	23	2244	5
162	208	203	204	90	4760	8	612	3
163	209	205	206	31	0	0	0	0
164	211	207	208	56	16600	20	2040	4
165	212	209	207	56	0	0	0	0
166	213	208	210	48	765	3	2040	4
167	215	211	212	188	7402	44	867	17
168	216	213	212	13	0	0	0	0
169	217	214	215	112	3225	24	306	6
170	218	216	217	207	19806	31	3060	6
171	219	217	218	98	13090	10	1020	2
172	220	216	219	79	0	0	0	0
173	221	220	221	76	13260	11	1020	2
174	222	222	223	238	28567	51	1581	13
175	223	224	225	112	0	0	0	0
176	224	226	227	133	29931	35	3514	11
177	225	228	38	356	25443	128	1150	42
178	226	229	230	22	1020	1	0	0
179	227	230	231	162	13511	12	4284	5
180	230	232	233	180	4250	10	3774	8
181	231	234	235	23	466	4	51	1
182	232	236	234	105	2524	18	255	5
183	233	237	238	213	20695	96	3243	28
184	234	239	240	79	4908	32	539	11
185	235	241	242	46	2668	16	306	6
186	236	243	244	213	11533	37	1275	13
187	237	245	246	273	25752	87	3999	19
188	238	247	50	183	20193	31	1836	6
189	239	248	249	86	9350	8	1530	3
190	240	250	248	66	16513	12	510	1
191	241	251	252	16	0	0	0	0
192	242	252	129	102	765	3	1020	2
193	244	253	254	142	30779	21	6120	6
194	245	255	256	131	12597	23	1071	9
195	246	257	258	129	8580	22	1173	5
196	247	32	259	19	466	4	51	1
197	248	260	30	57	510	2	51	1
198	249	261	30	108	1020	4	4080	4
199	250	262	263	120	5991	23	845	8
200	251	264	265	105	32640	27	3060	6
201	252	45	266	27	0	0	0	0
202	253	184	266	129	17517	24	2550	5
203	254	267	264	117	14288	9	1428	3
204	255	265	181	28	0	0	0	0
205	256	268	269	132	22337	29	3111	7
206	257	270	271	32	0	0	0	0
207	258	272	273	51	0	0	0	0
208	259	272	269	24	0	0	0	0
209	260	274	275	112	19431	23	2142	6
210	261	275	166	75	2244	3	204	1
211	262	276	277	76	29390	14	1020	2
212	263	278	268	46	0	0	0	0
213	264	273	270	60	7276	9	204	1
214	265	271	276	70	0	0	0	0
215	266	277	274	95	5712	9	714	2
216	267	161	279	228	24162	58	4092	13
217	268	279	278	116	25322	34	2448	6
218	269	280	281	36	0	0	0	0
219	270	282	283	35	0	0	0	0
220	271	284	285	35	13838	18	1275	4
221	273	286	174	25	12767	9	1020	2
222	274	71	103	21	0	0	0	0
223	275	287	288	57	0	0	0	0
224	276	289	290	67	0	0	0	0
225	277	108	283	44	6052	7	204	1
226	278	147	267	92	0	0	0	0
227	279	291	280	39	4420	4	0	0
228	280	292	290	7	0	0	0	0
229	281	281	284	29	3668	11	204	1
230	282	293	291	113	15470	10	1020	2
231	283	294	103	69	0	0	0	0
232	284	71	295	55	0	0	0	0
233	285	295	289	74	23304	28	2244	5
234	286	267	118	112	15065	12	1020	2
235	287	285	286	26	0	0	0	0
236	288	294	288	13	0	0	0	0
237	289	292	293	82	0	0	0	0
238	290	282	287	74	8840	7	510	1
239	291	118	108	59	16014	13	1020	2
240	294	277	297	81	21868	28	1836	6
241	295	297	298	35	2414	6	255	2
242	297	299	296	40	0	0	0	0
243	298	300	301	36	0	0	0	0
244	299	297	82	59	18722	22	1275	4
245	300	301	277	101	10710	7	1020	2
246	301	82	171	145	10421	10	714	2
247	302	299	300	100	0	0	0	0
248	303	302	303	64	3400	2	0	0
249	304	304	305	59	0	0	0	0
250	305	306	307	35	5168	5	510	1
251	306	302	304	34	0	0	0	0
252	307	305	173	185	0	0	0	0
253	308	308	173	88	13637	12	1938	5
254	309	272	307	101	16558	26	2040	4
255	310	309	310	120	18175	37	2397	11
256	311	311	312	109	2320	16	255	5
257	312	313	314	122	3552	14	357	4
258	313	315	316	120	9512	28	3060	6
259	314	317	318	116	7215	35	816	16
260	315	319	320	118	15751	19	1938	5
261	316	321	319	226	37038	85	4490	28
262	317	322	321	65	1805	12	153	3
263	318	323	324	203	18606	110	2303	39
264	319	324	322	252	11439	70	1071	21
265	320	325	326	254	23640	36	3556	18
266	322	327	328	105	23172	26	2550	5
267	323	329	330	109	9299	10	2040	4
268	324	331	332	109	18974	29	3060	6
269	325	333	334	53	28648	22	2244	5
270	326	335	336	76	6664	10	1020	2
271	327	337	338	77	10710	7	510	1
272	328	339	340	225	21920	40	3816	18
273	329	294	341	242	8690	25	7585	16
274	330	51	342	86	4318	4	510	1
275	331	54	343	208	16872	51	3973	16
276	332	46	344	44	30859	18	1530	3
277	333	345	346	85	17647	15	2040	4
278	334	346	114	28	0	0	0	0
279	335	347	180	261	33355	35	1734	4
280	336	348	347	90	16201	6	0	0
281	337	180	182	16	2040	2	0	0
282	338	283	348	110	13685	9	510	1
283	340	116	264	96	204	2	1020	2
284	342	349	181	86	9996	9	510	1
285	343	350	184	76	5372	5	510	1
286	344	351	352	111	15725	13	1428	3
287	345	353	352	144	23018	26	4080	6
288	346	354	353	43	0	0	0	0
289	347	355	356	96	4840	28	459	9
290	348	357	358	138	21256	36	2601	9
291	349	359	360	151	425	2	1020	2
292	350	361	362	221	24147	54	1683	15
293	351	363	364	427	37120	98	4796	29
294	352	365	366	424	28869	93	3678	25
295	353	367	368	134	19342	37	2346	10
296	354	203	369	163	17941	50	892	13
297	355	370	154	221	32857	61	3825	15
298	356	371	151	238	49804	63	3578	14
299	357	372	152	253	32311	50	3213	12
300	358	373	160	271	28498	94	3816	21
301	359	374	159	307	26937	105	3910	22
302	360	375	296	175	7820	6	1020	2
303	361	299	376	172	0	0	0	0
304	362	377	110	205	42971	84	5749	16
305	363	144	378	148	23831	24	1326	5
306	364	379	380	68	9842	23	1632	5
307	365	159	381	152	25393	34	3774	11
308	366	382	383	50	2966	15	255	5
309	367	306	308	81	15045	10	1020	2
310	368	384	385	54	0	0	0	0
311	369	386	78	65	0	0	0	0
312	370	387	388	62	12121	15	510	1
313	371	389	386	25	0	0	0	0
314	372	78	384	48	4284	6	510	1
315	373	390	384	14	0	0	0	0
316	374	385	391	48	0	0	0	0
317	375	392	390	63	0	0	0	0
318	376	391	390	72	0	0	0	0
319	377	387	391	24	0	0	0	0
320	378	391	392	55	0	0	0	0
321	379	111	94	128	14528	13	408	2
322	380	393	387	140	7412	9	510	1
323	381	390	394	47	3264	5	0	0
324	382	395	373	67	3264	5	0	0
325	383	374	365	25	0	0	0	0
326	384	363	396	46	9214	7	0	0
327	385	394	370	35	0	0	0	0
328	386	371	389	33	0	0	0	0
329	387	367	372	61	2312	4	510	1
330	388	92	365	70	12665	8	1020	2
331	389	367	371	13	0	0	0	0
332	390	395	372	17	0	0	0	0
333	391	361	397	51	0	0	0	0
334	392	361	396	14	0	0	0	0
335	393	374	363	42	3604	4	0	0
336	394	386	370	18	0	0	0	0
337	395	373	92	70	0	0	0	0
338	396	397	111	136	4080	2	0	0
339	397	398	206	29	22765	8	0	0
340	398	399	205	30	425	2	1020	2
341	399	400	399	34	4896	8	0	0
342	400	399	398	26	0	0	0	0
343	401	401	398	35	6545	12	1020	2
344	402	402	237	46	3643	4	51	1
345	403	403	401	85	36680	34	3626	10
346	404	400	404	152	32841	36	4176	9
347	405	237	250	83	0	0	0	0
348	406	401	219	23	0	0	0	0
349	407	219	400	11	0	0	0	0
350	408	405	406	23	0	0	0	0
351	409	247	407	202	5780	4	204	1
352	410	49	247	58	0	0	0	0
353	411	408	409	66	0	0	0	0
354	412	408	250	29	0	0	0	0
355	413	407	402	120	4802	8	3264	7
356	414	410	411	77	15873	14	2040	4
357	415	410	405	22	0	0	0	0
358	416	226	406	33	0	0	0	0
359	417	409	412	73	0	0	0	0
360	418	413	414	81	16318	32	3570	7
361	419	413	411	18	0	0	0	0
362	420	415	223	94	1734	7	408	2
363	421	416	417	12	0	0	0	0
364	422	418	226	57	17255	12	1020	2
365	423	414	417	89	0	0	0	0
366	424	416	415	94	0	0	0	0
367	425	419	403	141	16104	54	3570	7
368	426	160	420	228	12897	59	1887	19
369	427	421	308	202	24504	24	3570	7
370	428	153	422	106	30662	32	2244	7
371	429	271	423	135	31911	26	1836	6
372	430	167	424	220	25169	36	3264	7
373	431	425	375	70	0	0	0	0
374	432	376	426	62	0	0	0	0
375	433	65	427	218	22804	65	4199	11
376	434	67	428	213	27718	21	2856	6
377	435	429	430	106	11346	23	3060	6
378	436	431	432	89	9591	22	3570	6
379	440	435	436	80	12342	15	510	1
380	441	437	438	90	6494	13	1249	5
381	442	12	439	74	7344	10	306	3
382	443	275	440	110	22731	30	1836	6
383	444	152	441	228	27556	69	2142	21
384	445	163	442	166	15407	43	8109	12
385	446	443	276	132	12580	12	1020	2
386	447	170	443	158	20914	26	2040	4
387	448	270	444	132	18041	52	3876	11
388	449	445	446	259	28089	65	3111	19
389	450	280	447	46	20868	25	2244	5
390	451	448	449	259	27003	24	8438	10
391	452	450	290	26	0	0	0	0
392	453	76	448	131	25854	12	3060	3
393	454	451	449	99	26279	14	4080	4
394	455	449	450	56	30060	18	7140	7
395	456	75	451	131	18626	6	1530	3
396	457	448	451	11	0	0	0	0
397	458	452	302	229	25076	43	4182	10
398	459	453	452	56	7922	7	510	1
399	460	452	454	59	0	0	0	0
400	461	455	304	296	28280	59	3634	14
401	462	77	456	97	9265	18	2040	4
402	463	288	77	32	3400	1	0	0
403	464	457	209	142	3208	19	357	7
404	466	458	42	170	17209	12	1020	2
405	468	459	126	119	3678	20	357	7
406	469	460	321	98	3956	23	561	2
407	470	461	462	13	4080	2	510	1
408	476	463	464	10	4080	2	510	1
409	477	464	465	9	8925	6	714	2
410	480	466	467	9	8925	6	510	1
411	484	385	468	51	0	0	0	0
412	485	469	470	46	0	0	0	0
413	486	412	20	89	0	0	0	0
414	487	418	20	25	0	0	0	0
415	488	419	223	40	0	0	0	0
416	489	471	472	130	0	0	0	0
417	490	88	473	44	0	0	0	0
418	491	474	475	179	0	0	0	0
419	494	476	477	127	4444	14	153	3
420	495	477	478	12	0	0	0	0
421	496	475	88	7	0	0	0	0
422	497	28	201	194	0	0	1530	3
423	498	135	479	103	1576	7	153	3
424	500	480	481	84	0	0	0	0
425	501	481	482	39	0	0	0	0
426	502	479	418	89	0	0	0	0
427	503	134	483	112	1843	13	102	2
428	504	484	134	146	2339	12	153	3
429	505	201	480	85	0	0	0	0
430	506	19	471	116	0	0	0	0
431	507	472	474	115	0	0	0	0
432	508	482	135	153	2218	16	255	5
433	509	28	200	190	9459	12	1122	4
434	510	200	485	95	816	4	102	2
435	511	483	20	88	0	0	0	0
436	512	485	484	120	1345	10	153	3
437	513	38	486	67	25062	12	510	1
438	514	486	487	25	0	0	0	0
439	515	132	488	8	6757	7	0	0
440	516	487	489	37	437	3	51	1
441	517	490	86	57	4165	4	1020	2
442	518	130	490	251	26602	42	3060	6
443	519	251	130	59	2040	1	0	0
444	520	45	491	230	47674	107	3493	18
445	521	492	232	156	18632	26	1020	2
446	522	491	251	18	0	0	0	0
447	523	86	472	87	0	0	0	0
448	525	229	132	87	6208	2	204	1
449	526	493	494	44	0	0	0	0
450	527	494	229	28	0	0	0	0
451	528	232	493	35	15088	16	2550	5
452	529	225	492	7	0	0	0	0
453	530	4	495	81	1632	8	204	4
454	531	489	496	11	0	0	0	0
455	532	496	4	102	7504	11	612	3
456	533	497	225	81	0	0	0	0
457	534	488	38	105	12920	13	510	1
458	535	495	498	92	9335	27	357	7
459	536	499	500	56	0	0	0	0
460	537	499	501	64	12648	14	918	3
461	539	502	503	79	17623	19	3060	6
462	540	503	504	116	17845	14	1530	3
463	541	323	505	23	0	0	0	0
464	542	468	469	53	4352	4	510	1
465	543	347	506	235	2040	1	0	0
466	546	92	507	401	26710	79	3906	17
467	547	508	454	55	0	0	0	0
468	548	454	303	236	36347	58	3627	15
469	551	37	509	158	10965	7	1020	2
470	565	510	47	260	19436	17	1632	5
471	566	511	510	232	0	0	0	0
472	567	117	348	77	0	0	0	0
473	568	248	512	76	16495	18	3060	6
474	570	513	514	387	28183	19	4196	12
475	573	515	7	60	17391	8	510	1
476	580	516	418	231	0	0	0	0
477	581	497	516	128	18120	16	1020	2
478	582	472	497	8	0	0	0	0
479	583	517	497	116	0	0	0	0
480	585	87	474	62	10849	12	3570	5
481	587	518	517	178	0	0	0	0
482	588	475	518	6	0	0	0	0
483	589	89	518	7	0	0	0	0
484	590	119	88	360	6624	14	3685	17
485	591	309	89	44	0	0	0	0
486	592	473	309	6	0	0	0	0
487	593	473	476	82	0	0	0	0
488	594	519	309	82	1440	9	153	3
489	595	256	476	103	4138	10	255	2
490	596	520	519	130	1627	12	153	3
491	597	521	522	6	0	0	0	0
492	598	471	516	8	0	0	0	0
493	599	523	524	206	0	0	0	0
494	600	525	526	135	17413	35	3060	6
495	601	293	527	112	16122	21	1734	4
496	602	528	529	73	15720	14	1020	2
497	603	527	502	80	20732	26	1734	4
498	604	530	124	94	24992	42	3519	10
499	605	531	500	29	0	0	0	0
500	606	331	340	33	0	0	0	0
501	607	503	528	25	0	0	0	0
502	608	532	331	45	0	0	0	0
503	609	340	533	71	14501	13	1224	3
504	610	532	329	32	0	0	0	0
505	611	525	534	79	0	0	0	0
506	612	529	499	14	0	0	0	0
507	613	531	329	47	0	0	0	0
508	614	535	530	88	17760	35	2142	6
509	615	124	536	25	0	0	0	0
510	616	325	525	61	0	0	0	0
511	617	534	537	68	5780	8	510	1
512	618	536	325	45	0	0	0	0
513	619	61	538	94	10404	8	204	1
514	620	538	323	114	17262	31	1479	10
515	621	533	61	54	0	0	0	0
516	622	505	535	68	0	0	0	0
517	623	55	539	201	21018	28	2448	6
518	624	540	539	43	6238	5	0	0
519	625	287	506	184	17221	25	4896	8
520	626	541	542	23	0	0	0	0
521	627	542	543	90	6324	5	0	0
522	628	544	541	73	510	2	1020	1
523	629	478	521	4	0	0	0	0
524	630	542	545	74	0	0	0	0
525	631	333	546	68	16456	13	1530	3
526	632	547	333	78	9933	8	612	3
527	633	545	547	74	6548	4	1020	1
528	634	506	544	50	4556	9	510	1
529	635	257	255	97	6644	26	612	9
530	636	548	257	135	5905	25	408	8
531	637	539	549	127	7616	13	1224	3
532	638	255	478	85	2664	14	204	4
533	639	546	55	63	0	0	0	0
534	640	121	549	21	0	0	0	0
535	641	550	548	14	0	0	0	0
536	642	548	121	25	0	0	0	0
537	643	549	550	29	0	0	0	0
538	644	551	552	52	1768	10	204	4
539	645	520	477	10	0	0	0	0
540	646	522	553	3	0	0	0	0
541	647	520	313	81	2880	9	153	3
542	648	505	459	307	1988	9	102	2
543	649	551	522	73	1282	7	153	3
544	650	459	554	82	340	2	51	1
545	651	553	555	12	0	0	0	0
546	652	554	317	71	131	2	51	1
547	653	311	263	101	4866	29	510	10
548	654	313	311	80	3174	22	255	5
549	655	317	551	112	2333	17	204	4
550	656	556	521	256	10147	42	1581	12
551	657	139	557	88	11380	24	1581	4
552	658	558	27	183	2448	3	0	0
553	659	559	557	138	4403	15	1632	5
554	660	27	560	10	0	0	0	0
555	661	560	559	183	612	3	255	2
556	662	524	558	156	10828	21	612	3
557	663	559	558	11	0	0	0	0
558	664	323	556	407	25605	32	2550	5
559	665	263	561	174	6702	42	612	12
560	666	562	563	83	850	4	102	2
561	667	553	564	102	1792	9	153	3
562	669	555	520	8	0	0	0	0
563	670	555	562	115	3560	14	204	4
564	671	564	565	97	1954	12	153	3
565	674	566	567	33	0	0	0	0
566	676	319	568	93	19176	17	1224	3
567	677	569	319	98	0	0	0	0
568	678	327	567	12	0	0	0	0
569	679	510	566	63	6426	12	3468	8
570	680	327	52	70	4352	6	510	1
571	681	52	569	100	8262	15	408	2
572	682	568	570	74	6392	5	510	1
573	683	197	195	110	0	0	0	0
574	684	28	571	83	0	0	0	0
575	685	572	523	819	4488	8	510	1
576	686	573	560	107	306	1	51	1
577	688	196	574	254	0	0	0	0
578	689	575	576	182	4080	5	0	0
579	690	195	575	177	10404	17	510	1
580	691	577	197	87	0	0	0	0
581	692	574	23	86	0	0	0	0
582	693	1	196	357	0	0	0	0
583	694	557	523	223	4352	6	510	1
584	695	571	577	57	0	0	0	0
585	696	23	573	85	1700	1	0	0
586	698	578	579	149	13481	15	2040	4
587	700	578	581	48	2040	1	510	1
588	701	582	245	76	408	1	0	0
589	702	583	523	41	0	0	0	0
590	703	245	584	68	680	1	0	0
591	704	49	582	338	48849	59	3843	15
592	705	584	583	322	306	1	0	0
593	706	189	581	137	8704	10	561	2
594	707	581	185	38	0	0	0	0
595	709	523	141	103	15555	18	2040	4
596	711	141	189	93	6664	7	1020	2
597	712	24	585	119	23800	9	510	1
598	713	28	23	12	0	0	0	0
599	714	24	586	164	2040	2	0	0
600	715	169	587	102	25702	36	2856	11
601	716	588	587	19	0	0	0	0
602	717	588	164	165	27252	43	3111	10
603	718	364	366	73	0	0	0	0
604	721	589	113	24	0	0	0	0
605	722	590	591	50	13928	13	714	2
606	723	364	589	102	4318	5	1020	2
607	724	113	345	75	12104	17	510	1
608	725	591	572	77	13437	10	1020	2
609	726	345	590	34	0	0	1020	2
610	727	586	592	103	4030	11	153	3
611	728	593	594	150	16604	41	1508	12
612	729	585	592	121	22426	31	1530	3
613	730	187	586	316	15795	60	765	15
614	731	191	187	84	4010	27	357	7
615	732	594	191	82	4763	29	408	8
616	733	94	595	266	21430	54	4182	10
617	735	595	572	177	19161	21	2550	5
618	736	572	596	271	31635	47	4080	8
619	737	594	186	82	2936	11	204	4
620	738	190	594	91	2339	16	255	5
621	739	142	139	3	0	0	0	0
622	740	142	190	87	2766	16	357	7
623	741	524	557	20	0	0	0	0
624	742	580	597	55	0	0	0	0
625	743	597	598	25	1632	4	510	1
626	744	599	176	227	16285	37	4080	8
627	745	580	176	48	1275	5	510	1
628	746	597	600	78	7429	16	2550	5
629	747	193	601	83	16269	11	714	2
630	748	574	193	165	25848	18	2040	4
631	749	571	574	10	0	0	0	0
632	759	1	576	12	0	0	0	0
633	762	0	602	77	0	0	0	0
634	763	467	464	19	0	0	0	0
635	764	602	462	22	0	0	0	0
636	766	603	604	139	18240	46	1530	3
637	767	602	603	88	0	0	0	0
638	768	605	603	78	2720	3	510	1
639	769	575	606	60	0	0	0	0
640	770	607	198	142	17456	68	8160	8
641	771	198	608	147	1360	6	4080	4
642	772	606	607	132	18671	40	3060	3
643	773	609	198	103	0	0	0	0
644	774	606	610	286	37189	58	8160	8
645	775	611	612	70	918	4	80	2
646	776	613	611	11	0	0	0	0
647	777	409	614	236	29404	68	4437	21
648	778	614	615	13	1180	7	102	2
649	779	199	616	171	942	6	153	3
650	780	617	199	102	1224	6	153	3
651	781	613	617	99	2030	12	233	5
652	782	615	612	85	4104	21	459	9
653	783	618	596	53	0	0	0	0
654	784	17	618	33	0	0	0	0
655	785	619	618	94	5202	11	204	1
656	786	15	619	128	12634	29	1530	6
657	787	591	115	162	16802	47	3783	10
658	788	115	619	64	1428	4	204	1
659	789	620	213	140	24834	8	0	0
660	790	621	212	141	2282	17	182	4
661	791	213	622	103	28160	14	0	0
662	792	623	624	90	1020	4	102	2
663	793	212	625	99	1780	13	204	4
664	794	622	626	110	0	0	0	0
665	795	625	626	101	968	8	102	2
666	796	620	624	7	0	0	0	0
667	797	417	457	86	19439	25	2040	4
668	798	609	577	103	17472	28	2040	4
669	799	620	609	226	30354	43	1020	11
670	800	457	627	104	5134	30	510	10
671	801	627	621	180	8194	51	867	17
672	802	624	621	6	0	0	0	0
673	803	419	208	83	8976	11	0	0
674	804	208	215	150	8160	8	204	1
675	805	215	626	148	21977	27	153	3
676	806	211	628	115	1812	14	204	4
677	807	627	211	69	3944	26	459	9
678	808	629	630	73	2896	20	306	6
679	809	628	214	40	918	6	102	2
680	810	622	607	232	23878	36	3366	15
681	811	209	628	109	7240	34	459	9
682	812	214	630	75	1844	16	204	4
683	813	630	625	74	1954	14	204	4
684	814	415	209	88	16949	21	1122	4
685	815	631	221	100	4080	2	0	0
686	816	221	217	104	8840	7	510	1
687	817	403	631	81	0	0	0	0
688	818	631	216	109	13430	12	1020	2
689	819	632	631	105	12240	9	510	1
690	820	216	633	92	4114	7	714	2
691	821	218	315	54	0	0	0	0
692	822	419	632	88	0	0	0	0
693	823	632	220	116	21012	16	1224	3
694	824	220	218	135	0	0	0	0
695	825	315	498	115	9027	13	1020	2
696	826	2	634	162	18841	37	2040	4
697	827	2	218	100	19655	36	4059	10
698	828	635	636	120	934	8	102	2
699	829	637	638	87	4015	27	459	9
700	830	635	637	10	0	0	0	0
701	831	4	635	91	3832	20	510	10
702	832	639	495	105	0	0	0	0
703	834	407	491	264	24279	48	3774	7
704	835	496	640	235	10220	81	969	29
705	836	640	641	96	2588	19	306	6
706	837	638	639	181	9833	64	1001	24
707	838	642	638	72	3016	16	357	7
708	839	640	642	18	0	0	0	0
709	840	634	489	123	17385	20	2091	5
710	841	222	634	250	12684	77	965	25
711	842	416	222	79	16337	15	1275	4
712	847	644	645	15	0	0	0	0
713	848	646	644	64	0	0	0	0
714	849	227	647	84	0	0	0	0
715	850	647	646	79	16305	11	1020	2
716	851	413	646	197	14654	14	1071	3
717	852	646	232	191	26283	17	3060	6
718	853	648	649	49	24008	56	4080	8
719	854	647	648	115	15219	13	1020	2
720	855	405	647	160	27446	19	2550	5
721	856	516	224	75	24742	30	3060	4
722	857	224	648	83	0	0	0	0
723	858	414	228	78	904	7	102	2
724	859	645	131	8	874	6	102	2
725	860	133	644	14	0	0	0	0
726	861	228	133	140	19579	26	2193	7
727	862	645	494	165	18021	39	5100	6
728	863	40	5	131	31715	46	3060	6
729	864	5	10	129	24081	24	3060	6
730	865	650	651	192	4165	10	3264	7
731	866	652	650	70	0	0	0	0
732	868	492	652	127	28825	51	3938	9
733	869	653	138	142	6199	34	510	10
734	870	138	654	108	4690	20	284	6
735	871	412	653	85	14848	15	2091	5
736	872	235	655	26	510	2	51	1
737	873	617	655	49	398	4	51	1
738	874	485	480	29	0	0	0	0
739	875	655	234	23	0	0	0	0
740	876	235	485	67	1308	8	102	2
741	877	480	656	106	19416	36	4151	10
742	878	414	657	85	3740	1	0	0
743	879	658	623	39	0	0	0	0
744	880	657	658	247	4870	27	510	10
745	882	656	202	76	0	0	0	0
746	883	623	656	81	0	0	0	0
747	884	659	660	82	1822	11	204	4
748	885	137	659	77	2616	18	204	4
749	886	136	659	81	1006	7	102	2
750	887	661	137	87	2880	11	153	3
751	888	662	410	85	0	0	0	0
752	889	406	663	85	2040	2	0	0
753	890	483	479	27	0	0	0	0
754	891	664	657	72	17288	21	4182	6
755	892	664	413	85	0	0	0	0
756	893	411	665	85	0	0	0	0
757	894	663	662	44	1578	9	102	2
758	895	479	663	62	1428	5	51	1
759	896	653	483	93	2625	11	153	3
760	897	662	661	74	1384	8	153	3
761	898	664	665	18	0	0	0	0
762	899	665	661	3	0	0	0	0
763	900	484	482	27	0	0	0	0
764	901	660	658	63	437	3	51	1
765	902	482	660	93	398	4	51	1
766	903	481	623	140	0	0	0	0
767	904	236	654	29	612	4	51	1
768	905	666	612	70	4886	17	357	7
769	906	667	243	88	5372	26	867	8
770	907	668	669	129	13505	30	1224	9
771	908	236	484	80	1564	8	204	4
772	909	669	667	189	12293	57	1096	17
773	910	612	654	73	1282	8	153	3
774	911	243	666	102	4245	28	535	9
775	912	239	241	69	3926	21	408	8
776	913	670	615	75	3230	16	408	8
777	914	241	670	38	1385	8	153	3
778	915	670	614	63	408	2	51	1
779	916	408	238	76	9893	35	357	7
780	917	238	239	71	3264	16	408	8
781	918	671	672	79	4364	18	459	6
782	919	672	667	82	3395	13	255	5
783	920	673	672	166	9922	48	714	14
784	921	674	673	155	15746	52	816	13
785	922	673	669	76	1180	7	102	2
786	923	675	673	77	1261	11	153	3
787	924	676	675	179	18007	53	1887	13
788	925	675	671	143	12039	40	918	9
789	926	246	677	258	30483	86	4029	19
790	927	584	246	214	21074	54	4080	14
791	928	677	611	110	11220	7	510	1
792	929	677	678	34	7225	6	1020	2
793	930	643	490	263	21310	26	6120	6
794	931	253	87	35	0	0	0	0
795	932	128	253	279	51192	85	4508	17
796	933	474	517	8	0	0	0	0
797	934	517	652	86	25604	18	2040	4
798	935	476	519	6	0	0	0	0
799	936	120	258	153	16245	18	1224	3
800	937	258	256	95	0	0	0	0
801	938	679	680	70	23733	10	1530	3
802	939	64	679	144	25321	23	4080	8
803	940	679	62	51	0	0	0	0
804	941	681	682	16	0	0	0	0
805	942	259	683	62	968	8	80	2
806	943	563	684	440	15648	127	1395	41
807	944	259	681	8	0	0	0	0
808	945	685	35	164	35065	39	3862	15
809	946	683	681	64	0	0	0	0
810	947	686	687	269	26577	25	2550	5
811	948	686	688	61	0	0	0	0
812	949	684	32	10	0	0	0	0
813	951	689	686	13	0	0	0	0
814	952	688	690	64	23802	25	2550	5
815	953	691	565	252	11984	73	969	19
816	954	563	565	21	0	0	0	0
817	955	683	689	53	0	0	0	0
818	956	685	692	176	9180	5	0	0
819	957	689	685	13	0	0	0	0
820	958	536	691	181	5423	30	2426	10
821	959	127	691	82	4080	12	408	5
822	960	554	127	118	5978	31	459	9
823	961	534	260	53	29652	15	2091	3
824	962	550	556	192	9884	26	1326	8
825	963	554	556	15	0	0	0	0
826	964	691	260	91	1588	9	153	3
827	965	693	694	38	0	0	0	0
828	966	682	693	37	16065	9	1020	2
829	967	518	262	144	12302	16	2244	5
830	968	695	693	39	3145	6	510	1
831	969	694	684	16	0	0	0	0
832	970	682	694	8	0	0	0	0
833	971	561	695	117	14960	12	561	2
834	972	262	561	180	7951	13	561	2
835	973	314	312	81	2638	15	284	6
836	974	562	314	80	1554	10	204	4
837	975	312	695	288	24716	91	4194	34
838	976	318	127	70	408	2	51	1
839	977	318	564	184	6700	37	663	13
840	978	696	119	71	0	0	0	0
841	980	53	697	70	10619	6	510	1
842	981	697	696	179	6208	2	0	0
843	982	698	699	79	539	3	51	1
844	983	700	701	68	4706	25	408	8
845	984	702	703	68	3220	14	306	6
846	985	699	704	45	1332	12	663	4
847	986	530	698	220	21118	127	1259	45
848	987	702	700	82	2516	9	306	3
849	988	704	702	20	0	0	0	0
850	989	705	706	190	9305	63	867	17
851	990	700	705	65	918	4	80	2
852	991	706	570	94	918	3	51	1
853	992	707	708	122	17857	20	4080	8
854	993	705	709	77	2596	18	255	5
855	994	709	710	55	1734	7	153	3
856	995	711	705	74	3808	9	612	3
857	996	708	57	151	28620	46	3502	12
858	997	57	712	99	15640	12	1020	2
859	998	713	707	360	28020	115	3947	27
860	999	712	322	113	0	0	0	0
861	1000	286	713	144	26575	52	2499	10
862	1001	709	714	16	0	0	0	0
863	1002	714	715	40	306	1	51	1
864	1004	322	716	91	1057	8	102	2
865	1005	716	711	47	0	0	0	0
866	1006	717	711	25	0	0	0	0
867	1007	322	717	91	0	0	0	0
868	1008	718	712	255	18351	45	7191	10
869	1009	712	569	291	28288	82	8801	24
870	1010	538	718	187	25639	79	4463	29
871	1011	719	720	79	1130	11	153	3
872	1012	721	704	92	4284	18	510	1
873	1013	720	699	92	4760	20	0	0
874	1014	720	721	45	1172	9	102	2
875	1015	722	568	74	568	4	51	1
876	1016	716	717	38	0	0	0	0
877	1017	535	719	210	11939	105	1145	38
878	1018	717	722	205	16705	77	1734	22
879	1019	721	716	111	14175	25	306	6
880	1020	698	723	111	3692	23	416	9
881	1021	324	719	88	3045	21	408	8
882	1022	719	698	90	3548	21	386	8
883	1023	718	324	114	7054	47	896	18
884	1024	124	724	41	17721	12	51	1
885	1025	725	714	255	32495	96	10865	25
886	1026	725	726	84	5066	16	335	7
887	1027	724	727	107	6404	40	816	16
888	1028	326	723	47	408	2	80	2
889	1029	727	326	36	2420	18	255	5
890	1030	723	725	75	20060	25	0	0
891	1031	706	715	206	10053	58	1020	20
892	1032	722	706	94	3259	9	3111	5
893	1034	728	511	70	8503	11	4080	8
894	1035	500	729	109	22248	21	2550	5
895	1036	730	731	95	17311	21	2550	5
896	1037	732	729	4	0	0	0	0
897	1038	707	728	89	24834	8	0	0
898	1039	731	707	107	0	0	1020	2
899	1040	732	730	85	2201	4	0	0
900	1041	733	734	35	0	0	0	0
901	1042	728	735	97	1020	1	0	0
902	1043	735	734	145	14457	8	1020	2
903	1044	566	734	34	0	0	0	0
904	1046	736	737	86	18302	12	1020	2
905	1047	58	736	84	29451	17	1224	3
906	1048	737	738	25	17340	18	2550	5
907	1049	738	735	25	0	0	0	0
908	1050	733	567	35	0	0	0	0
909	1051	736	733	118	12019	11	1020	2
910	1052	285	739	151	17713	28	1887	7
911	1053	739	731	338	22749	75	3009	26
912	1055	740	741	47	4114	5	3060	6
913	1057	731	740	57	0	0	0	0
914	1058	742	48	229	23136	36	12036	30
915	1060	743	730	336	22461	126	3038	39
916	1061	730	742	56	8942	15	1020	2
917	1062	281	743	140	16346	39	2754	9
918	1063	504	732	177	19981	42	4020	12
919	1064	291	504	285	25156	88	3401	21
920	1065	729	330	75	15045	11	1020	2
921	1066	330	332	77	16015	15	2550	5
922	1067	332	59	142	26408	33	2244	5
923	1068	547	336	181	21383	64	4182	10
924	1069	744	338	25	0	0	0	0
925	1070	336	744	26	3740	1	0	0
926	1071	338	532	202	22450	32	3700	10
927	1072	546	745	211	33470	43	3575	9
928	1073	745	533	225	40146	65	3702	16
929	1074	745	60	60	6480	4	510	1
930	1075	744	339	79	935	4	510	1
931	1076	339	745	68	0	0	0	0
932	1077	335	85	11	0	0	0	0
933	1078	545	335	179	36380	46	4182	10
934	1079	85	337	40	0	0	0	0
935	1080	337	531	201	24640	55	4080	8
936	1081	102	746	74	7605	16	1020	2
937	1082	102	100	6	0	0	0	0
938	1083	544	341	60	0	0	0	0
939	1084	341	100	70	17770	27	2550	5
940	1085	529	97	219	5836	10	7210	15
941	1086	747	748	72	0	0	0	0
942	1087	528	747	74	10642	8	510	1
943	1088	748	746	74	6885	6	2040	4
944	1089	739	713	65	4634	7	561	2
945	1090	743	739	65	2142	3	51	1
946	1091	749	750	195	19261	32	4692	9
947	1092	63	749	13	0	0	0	0
948	1093	547	343	82	32050	48	4572	12
949	1094	343	750	75	15024	55	5652	22
950	1095	751	752	60	23477	18	1224	3
951	1096	752	183	93	11339	13	2040	4
952	1097	357	514	72	13809	19	204	1
953	1098	514	49	156	25558	54	3596	11
954	1099	753	751	96	19099	35	2805	7
955	1100	753	178	25	0	0	0	0
956	1101	147	349	258	40438	38	2040	4
957	1102	349	178	77	0	0	0	0
958	1103	752	357	23	10200	5	0	0
959	1104	353	754	112	9438	22	2040	4
960	1105	755	756	44	1292	3	510	1
961	1106	94	755	151	25296	25	1530	3
962	1107	755	353	111	11917	10	1020	2
963	1108	354	757	112	13787	20	918	3
964	1109	756	354	19	0	0	0	0
965	1110	757	147	77	5132	12	510	1
966	1111	758	351	99	18991	26	3909	14
967	1112	758	759	67	16592	15	510	1
968	1113	757	754	39	0	0	0	0
969	1114	754	758	40	8704	8	1020	2
970	1115	760	178	149	16932	9	510	1
971	1116	351	760	44	0	0	0	0
972	1117	753	356	76	408	1	0	0
973	1118	355	761	152	7186	39	561	11
974	1119	751	355	98	11013	28	969	7
975	1120	762	589	166	18034	39	1479	8
976	1121	397	762	265	12560	64	1479	20
977	1122	763	360	82	20655	20	2193	7
978	1123	360	762	53	561	3	51	1
979	1124	595	763	126	10598	18	1275	7
980	1125	359	763	77	1904	3	204	1
981	1126	764	359	74	20328	28	714	2
982	1127	765	79	26	3017	4	204	1
983	1128	79	389	62	4352	4	510	1
984	1129	470	766	23	13906	20	1530	3
985	1130	766	765	35	7684	9	1020	2
986	1131	767	768	52	4675	7	1020	1
987	1132	373	767	188	28441	41	3666	9
988	1133	768	769	27	1955	4	3060	3
989	1134	765	368	75	5508	9	408	2
990	1135	368	770	92	10402	42	4182	10
991	1136	770	767	69	12954	16	918	3
992	1138	395	770	178	38511	39	2244	5
993	1139	771	155	94	19646	11	1530	3
994	1140	392	771	67	11628	12	1224	3
995	1141	771	772	112	14795	17	2040	4
996	1142	377	773	101	10326	20	1377	6
997	1143	396	377	97	9877	14	1122	4
998	1144	773	158	127	13362	24	1071	6
999	1145	773	204	97	13260	16	510	1
1000	1146	204	112	111	9384	13	2244	5
1001	1147	112	756	139	13691	30	2040	7
1002	1148	381	382	56	17867	13	1734	4
1003	1149	774	267	101	19210	16	1428	4
1004	1150	382	378	83	8160	4	0	0
1005	1151	379	378	3	0	0	0	0
1006	1152	36	381	96	15329	27	3060	6
1007	1153	379	109	101	10030	16	714	5
1008	1154	109	775	82	22653	21	2091	5
1009	1155	774	775	38	0	0	0	0
1010	1156	146	775	118	23097	15	641	4
1011	1157	775	776	98	5690	19	306	6
1012	1158	776	106	128	8128	43	663	13
1013	1159	295	777	156	9792	12	1530	3
1014	1160	97	746	73	1700	1	0	0
1015	1161	777	746	107	0	0	0	0
1016	1162	502	778	78	13515	9	1020	2
1017	1163	777	101	73	14121	27	3060	6
1018	1164	779	777	74	6290	11	3570	7
1019	1165	778	779	73	2975	5	510	1
1020	1166	289	779	165	8449	13	3862	18
1021	1167	779	748	108	0	0	0	0
1022	1168	292	778	176	20806	28	2040	4
1023	1169	778	747	109	19745	18	3060	6
1024	1170	776	774	141	39339	41	2499	7
1025	1171	774	780	63	18768	19	1224	3
1026	1172	420	781	66	1788	6	102	2
1027	1173	781	782	51	2311	15	212	5
1028	1174	37	420	111	13854	20	663	4
1029	1175	781	441	21	2200	9	102	2
1030	1176	441	279	88	8244	25	1224	6
1031	1177	783	278	99	21394	18	1071	3
1032	1178	172	783	201	14973	49	1683	15
1033	1179	421	307	83	12770	14	2040	4
1034	1180	783	421	125	40697	53	3495	13
1035	1181	784	785	106	9004	19	1071	3
1036	1182	786	787	76	3220	6	51	1
1037	1183	788	786	61	2312	4	510	1
1038	1184	787	272	95	21710	24	3570	7
1039	1185	789	788	32	0	0	0	0
1040	1186	790	789	69	0	0	0	0
1041	1187	434	791	65	0	0	0	0
1042	1188	785	792	62	0	0	0	0
1043	1189	792	791	108	0	0	0	0
1044	1190	791	793	18	0	0	0	0
1045	1191	793	789	39	0	0	0	0
1046	1192	792	434	12	0	0	0	0
1047	1193	793	794	81	15847	28	3060	6
1048	1194	790	793	32	0	0	0	0
1049	1195	795	790	92	13039	11	2040	3
1050	1196	437	796	35	6120	3	0	0
1051	1197	797	12	40	3332	6	612	3
1052	1198	431	798	21	0	0	0	0
1053	1199	431	785	73	22580	11	1020	2
1054	1200	785	435	66	0	0	0	0
1055	1201	428	799	71	7976	12	408	2
1056	1202	68	428	196	29216	32	3264	7
1057	1203	799	429	118	37225	66	3661	13
1058	1204	429	798	53	12937	11	1020	2
1059	1205	796	435	35	0	0	0	0
1060	1206	797	437	30	0	0	0	0
1061	1207	433	795	106	6460	5	510	1
1062	1208	800	801	77	4012	6	510	1
1063	1209	802	803	58	8908	16	459	3
1064	1210	801	268	90	17288	20	1275	4
1065	1211	798	433	60	9843	17	1530	3
1066	1212	802	795	7	0	0	0	0
1067	1213	803	800	54	6825	9	765	3
1068	1214	800	786	129	14484	21	1581	7
1069	1215	157	800	391	16270	120	4539	35
1070	1216	801	787	130	15624	40	3111	10
1071	1217	156	801	391	32534	116	3913	32
1072	1218	788	804	81	0	0	0	0
1073	1219	803	788	127	6756	17	663	7
1074	1220	796	425	114	18180	37	3264	7
1075	1221	426	794	59	0	0	0	0
1076	1222	426	804	13	0	0	0	0
1077	1223	425	794	6	0	0	0	0
1078	1224	804	805	83	11118	9	1020	2
1079	1226	805	273	136	24357	39	4080	8
1080	1227	423	806	32	0	0	0	0
1081	1228	806	805	63	13787	15	2040	4
1082	1229	423	300	139	14640	8	510	1
1083	1230	797	375	115	11118	15	1326	5
1084	1231	376	375	44	0	0	0	0
1085	1232	376	806	99	0	0	0	0
1086	1233	807	802	122	19826	48	3927	11
1087	1234	149	807	269	38494	73	4366	20
1088	1235	150	808	219	23666	35	3264	10
1089	1236	808	807	98	0	0	0	0
1090	1237	799	427	131	15764	9	2550	5
1091	1238	427	808	56	12600	8	2550	5
1092	1239	424	809	34	6392	5	510	1
1093	1240	809	301	99	17625	23	1224	3
1094	1241	165	440	102	30529	30	2550	5
1095	1242	440	424	80	19890	25	1938	8
1096	1243	442	588	90	0	0	0	0
1097	1244	274	442	78	19571	43	2856	8
1098	1245	809	274	97	23586	34	2958	7
1099	1246	444	443	106	17641	34	3570	10
1100	1247	306	444	97	18890	21	4080	8
1101	1248	455	171	177	9384	10	0	0
1102	1249	293	445	133	15540	16	1326	5
1103	1250	445	508	68	11832	10	1020	2
1104	1251	508	453	59	0	0	0	0
1105	1252	453	455	62	0	0	0	0
1106	1253	810	811	163	6460	5	510	1
1107	1254	287	456	124	40947	30	3060	6
1108	1255	811	69	39	15521	16	2040	4
1109	1256	70	303	14	0	0	0	0
1110	1257	456	69	112	10166	15	1632	5
1111	-1	636	637	1	0	0	0	0
1112	-2	641	642	1	0	0	0	0
1113	-3	687	688	1	0	0	0	0
1114	-4	13	296	211	0	0	0	0
1115	-5	8	9	18	0	0	0	0
1116	-6	116	265	163	0	0	0	0
1117	-8	178	177	93	0	0	0	0
1118	-9	231	7	69	0	0	0	0
1119	-10	433	434	107	0	0	0	0
1120	-14	305	509	336	0	0	0	0
1121	-15	578	580	182	0	0	0	0
1122	-16	467	462	38	0	0	0	0
1123	-17	643	409	72	0	0	0	0
END					
-----------------------------------------					
InputUsedToGenerateTheGraph:					
County:	Frederiksberg				
CenterNodeId:	0				
Radius:	1000000				
HouseTypes:	Normal	Summer	Apartment		
NumberOfWasteFractions: 6					
IntervalsForWasteFraction:	general	2.3	3.5	7.0	
IntervalsForWasteFraction:	glass	7.0	14.0	21.0	28.0
IntervalsForWasteFraction:	metal	7.0	14.0	28.0	56.0
IntervalsForWasteFraction:	plastic	7.0	14.0	28.0	56.0
IntervalsForWasteFraction:	organic	28.0			
IntervalsForWasteFraction:	paper	7.0	14.0	56.0	
-----------------------------------------					


