ProblemType:	MC-CARP
NumberNodes:	801
NumberEdges:	1112
DepotNodeNumber:	0
NumberOfFractions:	4
NumberOfIntervalsForFraction	Paper	1	14
NumberOfIntervalsForFraction	Glass	1	14
NumberOfIntervalsForFraction	Plastic	1	14
NumberOfIntervalsForFraction	Metal	1	14
GRAPH
EdgeNumber	EdgeId	StartNodeNumber	EndNodeNumber	Cost	Demand_0	Bins_0
	Demand_1	Bins_1
	Demand_2	Bins_2
	Demand_3	Bins_3
START
0	0	0	1	41	0	0	0	0	0	0	0	0
1	11	5	6	54	0	0	0	0	0	0	0	0
2	12	7	8	204	2040	4	0	0	680	3	340	2
3	13	7	9	10	0	0	0	0	0	0	0	0
4	14	9	6	10	0	0	0	0	0	0	0	0
5	16	10	11	181	3060	6	0	0	1224	7	1292	7
6	20	12	13	122	3570	7	0	0	1462	7	1122	5
7	21	14	15	33	816	4	0	0	510	5	204	2
8	25	16	17	55	3570	7	0	0	1275	5	1020	5
9	26	18	16	50	0	0	0	0	0	0	0	0
10	27	19	20	174	2550	5	1246	1	765	3	170	1
11	28	21	19	99	2040	4	0	0	340	1	340	1
12	29	19	22	35	1020	2	1246	1	0	0	0	0
13	30	23	24	119	2754	6	0	0	1190	5	646	5
14	31	25	23	55	0	0	0	0	0	0	0	0
15	32	23	26	141	0	0	0	0	0	0	0	0
16	38	27	28	215	1377	15	0	0	599	8	599	8
17	39	28	29	484	2052	43	0	0	1027	21	908	17
18	41	30	31	3	0	0	1700	1	0	0	0	0
19	42	31	32	162	0	0	0	0	0	0	0	0
20	48	33	34	79	561	2	0	0	153	2	221	2
21	52	37	38	152	2550	5	0	0	629	4	765	4
22	53	39	40	98	1020	2	1870	1	2210	4	2295	4
23	54	41	42	86	0	0	0	0	0	0	0	0
24	57	43	37	61	0	0	0	0	0	0	0	0
25	58	44	40	119	510	1	1870	1	170	1	170	1
26	59	45	46	107	1020	2	0	0	272	2	340	2
27	60	42	47	63	0	0	0	0	0	0	0	0
28	61	48	43	166	2958	7	0	0	714	4	697	4
29	62	47	49	23	0	0	0	0	0	0	0	0
30	63	50	51	79	0	0	0	0	0	0	0	0
31	65	52	53	140	3616	13	0	0	1275	9	1394	9
32	66	54	44	90	1020	2	0	0	510	1	255	1
33	67	55	56	226	510	1	0	0	102	1	170	1
34	68	49	57	84	1122	4	0	0	357	2	272	2
35	69	53	48	153	3264	7	0	0	782	7	1079	7
36	70	40	52	111	2040	4	0	0	595	3	680	3
37	71	58	59	69	0	0	0	0	0	0	0	0
38	72	59	50	6	0	0	0	0	0	0	0	0
39	73	57	58	22	1020	2	0	0	425	2	170	1
40	74	56	54	111	3468	8	0	0	1020	8	1054	7
41	75	51	55	213	2040	4	0	0	544	4	612	4
42	76	46	41	45	0	0	0	0	0	0	0	0
43	77	60	61	75	0	0	0	0	0	0	0	0
44	78	62	63	147	0	0	0	0	0	0	0	0
45	81	64	65	58	0	0	0	0	0	0	0	0
46	82	66	67	55	1020	2	0	0	425	2	340	2
47	83	68	67	62	1530	3	0	0	765	3	612	4
48	84	69	70	19	3733	12	0	0	3485	9	1782	10
49	85	67	69	57	0	0	0	0	0	0	0	0
50	86	71	65	56	0	0	3825	5	0	0	0	0
51	87	70	71	9	0	0	0	0	0	0	0	0
52	89	72	64	194	204	1	0	0	170	1	102	1
53	90	73	74	84	1530	3	0	0	629	4	714	5
54	91	75	76	121	306	6	0	0	211	5	190	5
55	92	77	78	47	1122	4	0	0	306	3	374	3
56	93	79	80	98	2040	4	0	0	340	2	425	2
57	94	81	82	105	0	0	0	0	0	0	0	0
58	95	83	84	6	0	0	0	0	0	0	0	0
59	100	85	86	244	3803	13	0	0	1547	13	1802	13
60	101	87	85	40	0	0	0	0	0	0	0	0
61	103	88	89	110	2448	6	0	0	1326	6	969	6
62	105	79	90	24	0	0	0	0	0	0	0	0
63	106	91	92	104	1020	2	1700	1	510	2	510	2
64	107	92	79	56	510	1	0	0	102	1	170	1
65	108	93	92	71	0	0	0	0	0	0	0	0
66	109	94	95	108	510	1	0	0	1020	4	255	1
67	110	96	94	145	2754	6	0	0	1190	5	425	2
68	111	97	98	71	1632	5	0	0	284	2	199	2
69	112	97	99	98	306	6	0	0	80	2	29	1
70	113	99	100	88	1020	11	0	0	258	4	131	2
71	114	101	97	67	1530	3	3400	1	782	3	595	3
72	115	102	100	257	1173	23	0	0	505	12	228	7
73	116	103	104	97	1020	2	0	0	255	1	170	1
74	117	105	103	96	2346	7	0	0	646	5	714	5
75	118	106	107	150	1428	4	0	0	544	4	544	4
76	119	107	108	85	1530	3	0	0	204	2	340	2
77	121	110	109	28	0	0	0	0	0	0	0	0
78	122	111	110	93	1530	3	0	0	357	2	425	2
79	123	112	113	122	0	0	0	0	0	0	0	0
80	124	114	113	107	816	4	0	0	1020	7	714	4
81	125	115	116	111	153	3	0	0	59	2	59	2
82	126	116	117	91	561	2	0	0	199	2	131	2
83	127	118	116	128	51	1	0	0	0	0	0	0
84	128	116	119	74	204	4	0	0	29	1	0	0
85	129	119	120	85	102	2	0	0	59	2	59	2
86	130	121	122	115	0	0	0	0	0	0	0	0
87	131	123	121	72	4202	9	0	0	765	3	1020	4
88	132	124	125	182	2193	16	0	0	391	6	446	5
89	133	124	126	22	0	0	0	0	0	0	0	0
90	134	127	128	26	0	0	0	0	0	0	0	0
91	135	129	130	40	0	0	0	0	0	0	0	0
92	136	131	127	97	153	3	0	0	110	3	80	2
93	137	128	129	102	204	4	0	0	80	2	59	2
94	138	132	133	228	2958	22	0	0	968	16	887	14
95	139	134	135	197	4080	4	0	0	510	2	340	2
96	140	136	137	56	1938	8	0	0	680	6	612	6
97	142	86	138	11	0	0	0	0	0	0	0	0
98	143	139	140	133	2244	5	0	0	544	4	561	4
99	144	62	61	63	0	0	0	0	0	0	0	0
100	145	61	141	43	1020	2	0	0	255	1	255	1
101	146	142	89	30	0	0	0	0	0	0	0	0
102	147	60	143	66	0	0	0	0	0	0	0	0
103	148	144	145	72	0	0	0	0	0	0	0	0
104	149	146	147	16	0	0	0	0	0	0	0	0
105	150	148	149	47	0	0	0	0	0	0	0	0
106	151	142	150	93	2346	7	0	0	1020	6	1156	6
107	152	151	136	20	0	0	0	0	0	0	0	0
108	153	138	152	92	1530	3	0	0	374	3	510	3
109	154	145	153	88	918	3	0	0	272	2	272	2
110	155	149	147	56	0	0	0	0	0	0	0	0
111	156	144	154	9	0	0	0	0	0	0	0	0
112	157	152	151	81	204	1	0	0	102	1	102	1
113	158	155	139	143	3468	8	0	0	952	8	1088	8
114	159	155	137	34	0	0	0	0	0	0	0	0
115	160	148	150	16	0	0	0	0	0	0	0	0
116	161	146	154	53	0	0	0	0	0	0	0	0
117	162	153	86	65	0	0	0	0	0	0	0	0
118	163	89	143	15	0	0	0	0	0	0	0	0
119	164	156	157	91	510	1	0	0	102	1	170	1
120	165	158	159	121	510	1	0	0	102	1	170	1
121	166	159	156	94	510	1	0	0	102	1	170	1
122	167	160	158	104	714	2	0	0	272	2	272	2
123	170	157	161	101	1224	3	0	0	374	3	442	3
124	172	162	161	144	714	2	0	0	357	2	357	2
125	173	163	164	83	204	1	0	0	170	1	102	1
126	174	138	33	154	1734	7	0	0	364	5	568	5
127	175	34	165	118	51	1	0	0	0	0	0	0
128	176	165	75	71	51	1	0	0	51	1	29	1
129	177	164	162	57	408	2	0	0	102	1	102	1
130	178	166	163	204	1938	5	0	0	646	4	544	4
131	179	75	166	139	918	3	1700	1	374	3	374	3
132	180	167	161	480	0	0	0	0	0	0	0	0
133	183	168	169	49	1020	2	0	0	102	1	170	1
134	188	172	173	17	0	0	0	0	0	0	0	0
135	189	174	170	77	2754	6	0	0	408	4	697	4
136	190	175	176	125	3573	10	0	0	425	2	510	2
137	191	175	172	21	0	0	0	0	0	0	0	0
138	192	170	172	60	2040	4	0	0	255	1	255	1
139	193	176	177	70	1020	2	0	0	255	1	255	1
140	194	178	179	175	4947	22	0	0	981	7	951	6
141	195	180	181	37	51	1	0	0	29	1	0	0
142	196	182	183	176	765	15	0	0	199	6	177	6
143	197	183	133	157	1632	14	0	0	484	8	369	7
144	198	184	185	69	255	5	0	0	0	0	0	0
145	199	186	187	219	1020	2	1133	1	255	1	255	1
146	200	188	189	10	0	0	0	0	0	0	0	0
147	201	189	187	170	3919	11	7558	3	1020	4	1020	4
148	203	190	191	84	1530	3	0	0	765	3	510	2
149	204	192	193	96	306	6	0	0	221	6	178	6
150	205	194	195	76	1020	2	0	0	255	1	425	2
151	206	193	194	26	0	0	0	0	0	0	0	0
152	207	155	196	60	2244	5	0	0	799	5	714	5
153	208	196	197	90	612	3	0	0	374	3	306	3
154	211	198	199	56	2040	4	0	0	510	2	510	2
155	212	200	198	56	0	0	0	0	0	0	0	0
156	213	199	201	48	2040	4	0	0	510	2	255	1
157	215	202	203	188	867	17	0	0	148	5	148	5
158	216	204	203	13	0	0	0	0	0	0	0	0
159	217	205	206	112	306	6	0	0	148	5	119	4
160	218	207	208	207	3060	6	3003	2	510	2	765	3
161	219	208	209	98	1020	2	0	0	510	2	340	2
162	220	207	210	79	0	0	0	0	0	0	0	0
163	221	211	212	76	1020	2	0	0	680	3	340	2
164	222	213	214	238	1581	13	1870	1	794	9	505	7
165	223	215	216	112	0	0	0	0	0	0	0	0
166	224	217	218	133	3514	11	0	0	1700	6	1360	7
167	225	219	35	356	1150	42	0	0	556	18	446	15
168	226	220	221	22	0	0	0	0	0	0	0	0
169	227	221	222	162	4284	5	1870	1	569	3	399	3
170	230	223	224	180	3774	8	935	1	1785	5	1530	4
171	231	225	226	23	51	1	0	0	29	1	29	1
172	232	227	225	105	255	5	0	0	140	4	140	4
173	233	228	229	213	3243	28	0	0	947	15	556	14
174	234	230	231	79	539	11	0	0	199	6	119	4
175	235	232	233	46	306	6	0	0	89	3	29	1
176	236	234	235	213	1275	13	0	0	539	7	386	5
177	237	236	237	273	3999	19	0	0	2193	18	2021	17
178	238	238	46	183	1836	6	0	0	1190	8	935	7
179	239	239	240	86	1530	3	0	0	680	2	510	2
180	240	241	239	66	510	1	0	0	170	1	255	1
181	241	242	243	16	0	0	0	0	0	0	0	0
182	242	243	122	102	1020	2	0	0	510	2	255	1
183	244	244	245	142	6120	6	0	0	850	4	680	3
184	245	246	247	131	1071	9	0	0	255	3	204	2
185	246	248	249	129	1173	5	0	0	374	3	442	3
186	247	29	250	19	51	1	0	0	29	1	29	1
187	248	251	27	57	51	1	0	0	0	0	0	0
188	249	252	27	108	4080	4	0	0	510	2	510	2
189	250	253	254	120	845	8	0	0	182	3	199	2
190	251	255	256	105	3060	6	850	1	935	4	850	4
191	252	41	257	27	0	0	0	0	0	0	0	0
192	253	177	257	129	2550	5	1246	1	374	3	595	3
193	254	258	255	117	1428	3	0	0	272	2	357	2
194	255	256	174	28	0	0	0	0	0	0	0	0
195	256	259	260	132	3111	7	3400	1	1173	7	918	6
196	257	261	262	32	0	0	0	0	0	0	0	0
197	258	263	264	51	0	0	0	0	0	0	0	0
198	259	263	260	24	0	0	0	0	0	0	0	0
199	260	265	266	112	2142	6	0	0	561	4	612	4
200	261	266	159	75	204	1	0	0	102	1	102	1
201	262	267	268	76	1020	2	0	0	204	2	272	2
202	263	269	259	46	0	0	0	0	0	0	0	0
203	264	264	261	60	204	1	3400	1	102	1	102	1
204	265	262	267	70	0	0	0	0	0	0	0	0
205	266	268	265	95	714	2	0	0	204	2	204	2
206	267	154	270	228	4092	13	0	0	1020	10	1326	9
207	268	270	269	116	2448	6	0	0	782	7	1054	7
208	269	271	272	36	0	0	0	0	0	0	0	0
209	270	273	274	35	0	0	0	0	0	0	0	0
210	271	275	276	35	1275	4	0	0	306	3	442	3
211	273	277	167	25	1020	2	0	0	255	1	272	2
212	274	66	96	21	0	0	0	0	0	0	0	0
213	275	278	279	57	0	0	0	0	0	0	0	0
214	276	280	281	67	0	0	0	0	0	0	0	0
215	277	101	274	44	204	1	0	0	204	2	408	2
216	278	140	258	92	0	0	0	0	0	0	0	0
217	279	282	271	39	0	0	0	0	170	1	170	1
218	280	283	281	7	0	0	0	0	0	0	0	0
219	281	272	275	29	204	1	0	0	102	1	102	1
220	282	284	282	113	1020	2	0	0	255	1	255	1
221	283	285	96	69	0	0	0	0	0	0	0	0
222	284	66	286	55	0	0	0	0	0	0	0	0
223	285	286	280	74	2244	5	0	0	510	5	714	5
224	286	258	111	112	1020	2	0	0	272	2	425	2
225	287	276	277	26	0	0	0	0	0	0	0	0
226	288	285	279	13	0	0	0	0	0	0	0	0
227	289	283	284	82	0	0	0	0	0	0	0	0
228	290	273	278	74	510	1	0	0	170	1	170	1
229	291	111	101	59	1020	2	0	0	204	2	510	3
230	294	268	288	81	1836	6	0	0	748	5	646	5
231	295	288	289	35	255	2	0	0	102	1	102	1
232	297	290	287	40	0	0	0	0	0	0	0	0
233	298	291	292	36	0	0	0	0	0	0	0	0
234	299	288	77	59	1275	4	0	0	981	4	641	4
235	300	292	268	101	1020	2	0	0	255	1	255	1
236	301	77	164	145	714	2	0	0	357	2	272	2
237	302	290	291	100	0	0	0	0	0	0	0	0
238	303	293	294	64	0	0	0	0	0	0	0	0
239	304	295	296	59	0	0	0	0	0	0	0	0
240	305	297	298	35	510	1	0	0	102	1	170	1
241	306	293	295	34	0	0	0	0	0	0	0	0
242	307	296	166	185	0	0	0	0	0	0	0	0
243	308	299	166	88	1938	5	0	0	442	3	459	3
244	309	263	298	101	2040	4	0	0	272	2	510	3
245	310	300	301	120	2397	11	0	0	653	7	760	6
246	311	302	303	109	255	5	0	0	89	3	89	3
247	312	304	305	122	357	4	0	0	161	3	161	3
248	313	306	307	120	3060	6	0	0	765	4	765	4
249	314	308	309	116	816	16	0	0	80	2	29	1
250	315	310	311	118	1938	5	0	0	765	4	442	3
251	316	312	310	226	4490	28	7480	2	994	10	858	9
252	317	313	312	65	153	3	0	0	80	2	59	2
253	318	314	315	203	2303	39	0	0	577	17	467	11
254	319	315	313	252	1071	21	0	0	309	9	318	10
255	320	316	317	254	3556	18	3740	2	1925	9	1207	6
256	322	318	319	105	2550	5	0	0	595	3	595	3
257	323	320	321	109	2040	4	0	0	714	4	425	2
258	324	322	323	109	3060	6	0	0	1666	7	1190	6
259	325	324	325	53	2244	5	0	0	646	5	680	4
260	326	326	327	76	1020	2	0	0	204	2	340	2
261	327	328	329	77	510	1	0	0	255	1	255	1
262	328	330	331	225	3816	18	0	0	1734	9	1802	10
263	329	285	332	242	7585	16	1133	1	1947	13	1530	6
264	330	47	333	86	510	1	0	0	102	1	0	0
265	331	50	334	208	3973	16	0	0	935	4	697	4
266	332	42	335	44	1530	3	0	0	612	3	357	2
267	333	336	337	85	2040	4	0	0	442	3	425	2
268	334	337	107	28	0	0	0	0	0	0	0	0
269	335	338	173	261	1734	4	1870	1	918	6	833	6
270	336	339	338	90	0	0	0	0	0	0	0	0
271	337	173	175	16	0	0	0	0	0	0	0	0
272	338	274	339	110	510	1	0	0	170	1	255	1
273	340	109	255	96	1020	2	0	0	102	1	102	1
274	342	340	174	86	510	1	0	0	170	1	170	1
275	343	341	177	76	510	1	0	0	102	1	170	1
276	344	342	343	111	1428	3	0	0	816	3	629	3
277	345	344	343	144	4080	6	0	0	918	6	1020	6
278	346	345	344	43	0	0	0	0	0	0	0	0
279	347	346	347	96	459	9	0	0	212	5	140	4
280	348	348	349	138	2601	9	0	0	1003	6	935	6
281	349	350	351	151	1020	2	0	0	170	1	255	1
282	350	352	353	221	1683	15	0	0	539	8	352	7
283	351	354	355	427	4796	29	3740	2	2498	21	1924	17
284	352	356	357	424	3678	25	1870	1	2233	22	2108	21
285	353	358	359	134	2346	10	0	0	918	9	680	6
286	354	196	360	163	892	13	0	0	386	6	365	6
287	355	361	147	221	3825	15	0	0	1554	13	862	8
288	356	362	144	238	3578	14	0	0	1015	6	799	5
289	357	363	145	253	3213	12	5610	1	1882	10	1117	9
290	358	364	153	271	3816	21	3400	2	1910	19	1882	20
291	359	365	152	307	3910	22	0	0	1942	16	2061	15
292	360	366	287	175	1020	2	0	0	170	1	170	1
293	361	290	367	172	0	0	0	0	0	0	0	0
294	362	368	103	205	5749	16	0	0	2975	8	1734	7
295	363	137	369	148	1326	5	1700	1	306	3	272	2
296	364	370	371	68	1632	5	0	0	612	4	714	4
297	365	152	372	152	3774	11	0	0	918	6	901	6
298	366	373	374	50	255	5	0	0	89	3	89	3
299	367	297	299	81	1020	2	0	0	510	2	255	1
300	368	375	376	54	0	0	0	0	0	0	0	0
301	369	377	73	65	0	0	0	0	0	0	0	0
302	370	378	379	62	510	1	0	0	459	3	442	3
303	371	380	377	25	0	0	0	0	0	0	0	0
304	372	73	375	48	510	1	0	0	102	1	102	1
305	373	381	375	14	0	0	0	0	0	0	0	0
306	374	376	382	48	0	0	0	0	0	0	0	0
307	375	383	381	63	0	0	0	0	0	0	0	0
308	376	382	381	72	0	0	0	0	0	0	0	0
309	377	378	382	24	0	0	0	0	0	0	0	0
310	378	382	383	55	0	0	0	0	0	0	0	0
311	379	104	384	128	408	2	0	0	102	1	102	1
312	380	385	378	140	510	1	0	0	102	1	170	1
313	381	381	386	47	0	0	0	0	102	1	102	1
314	382	387	364	67	0	0	0	0	102	1	102	1
315	383	365	356	25	0	0	0	0	0	0	0	0
316	384	354	388	46	0	0	0	0	102	1	102	1
317	385	386	361	35	0	0	0	0	0	0	0	0
318	386	362	380	33	0	0	0	0	0	0	0	0
319	387	358	363	61	510	1	0	0	102	1	170	1
320	388	87	356	70	1020	2	0	0	170	1	255	1
321	389	358	362	13	0	0	0	0	0	0	0	0
322	390	387	363	17	0	0	0	0	0	0	0	0
323	391	352	389	51	0	0	0	0	0	0	0	0
324	392	352	388	14	0	0	0	0	0	0	0	0
325	393	365	354	42	0	0	0	0	102	1	102	1
326	394	377	361	18	0	0	0	0	0	0	0	0
327	395	364	87	70	0	0	0	0	0	0	0	0
328	396	389	104	136	0	0	0	0	0	0	0	0
329	398	390	391	30	1020	2	0	0	170	1	255	1
330	399	392	390	34	0	0	0	0	0	0	0	0
331	400	390	393	26	0	0	0	0	0	0	0	0
332	401	394	393	35	1020	2	0	0	170	1	255	1
333	402	395	228	46	51	1	0	0	29	1	0	0
334	403	396	394	85	3626	10	0	0	1530	6	1190	6
335	404	392	397	152	4176	9	0	0	1020	5	1105	5
336	405	228	241	83	0	0	0	0	0	0	0	0
337	406	394	210	23	0	0	0	0	0	0	0	0
338	407	210	392	11	0	0	0	0	0	0	0	0
339	408	398	399	23	0	0	0	0	0	0	0	0
340	409	238	400	202	204	1	0	0	0	0	0	0
341	410	45	238	58	0	0	0	0	0	0	0	0
342	411	401	402	66	0	0	0	0	0	0	0	0
343	412	401	241	29	0	0	0	0	0	0	0	0
344	413	400	395	120	3264	7	0	0	612	3	314	2
345	414	403	404	77	2040	4	0	0	510	2	255	1
346	415	403	398	22	0	0	0	0	0	0	0	0
347	416	217	399	33	0	0	0	0	0	0	0	0
348	417	402	405	73	0	0	0	0	0	0	0	0
349	418	406	407	81	3570	7	0	0	1020	4	510	2
350	419	406	404	18	0	0	0	0	0	0	0	0
351	420	408	214	94	408	2	0	0	102	1	102	1
352	421	409	410	12	0	0	0	0	0	0	0	0
353	422	411	217	57	1020	2	0	0	510	2	425	2
354	423	407	410	89	0	0	0	0	0	0	0	0
355	424	409	408	94	0	0	0	0	0	0	0	0
356	425	412	396	141	3570	7	0	0	1020	4	1020	4
357	426	153	413	228	1887	19	0	0	769	11	624	9
358	427	414	299	202	3570	7	0	0	867	4	510	3
359	428	146	415	106	2244	7	5610	1	476	4	476	4
360	429	262	416	135	1836	6	0	0	799	5	646	5
361	430	160	417	220	3264	7	0	0	1207	7	986	7
362	431	418	366	70	0	0	0	0	0	0	0	0
363	432	367	419	62	0	0	0	0	0	0	0	0
364	433	60	420	218	4199	11	3400	1	2006	7	1666	7
365	434	62	421	213	2856	6	8670	3	255	1	170	1
366	435	422	423	106	3060	6	0	0	811	5	743	5
367	436	424	425	89	3570	6	0	0	527	3	612	4
368	440	428	429	80	510	1	0	0	204	2	204	2
369	441	430	431	90	1249	5	0	0	255	3	357	3
370	442	10	432	74	306	3	0	0	0	0	0	0
371	443	266	433	110	1836	6	0	0	476	4	578	5
372	444	145	434	228	2142	21	1700	1	836	11	632	10
373	445	156	435	166	8109	12	0	0	1338	11	1219	10
374	446	436	267	132	1020	2	0	0	340	2	340	2
375	447	163	436	158	2040	4	0	0	408	4	442	3
376	448	261	437	132	3876	11	0	0	1938	12	1955	11
377	449	438	439	259	3111	19	0	0	832	13	535	10
378	450	271	440	46	2244	5	0	0	731	5	799	5
379	451	441	442	259	8438	10	0	0	935	4	765	3
380	452	443	281	26	0	0	0	0	0	0	0	0
381	453	71	441	131	3060	3	0	0	510	2	510	2
382	454	444	442	99	4080	4	0	0	680	3	765	3
383	455	442	443	56	7140	7	0	0	595	3	459	3
384	456	70	444	131	1530	3	0	0	0	0	0	0
385	457	441	444	11	0	0	0	0	0	0	0	0
386	458	445	293	229	4182	10	0	0	1615	11	1581	10
387	459	446	445	56	510	1	0	0	102	1	102	1
388	460	445	447	59	0	0	0	0	0	0	0	0
389	461	448	295	296	3634	14	1870	1	1615	13	1955	13
390	462	72	449	97	2040	4	0	0	518	4	595	3
391	463	279	72	32	0	0	3400	1	0	0	0	0
392	464	450	200	142	357	7	0	0	89	3	59	2
393	466	451	38	170	1020	2	0	0	255	1	170	1
394	468	452	119	119	357	7	0	0	88	3	88	3
395	469	453	312	98	561	2	0	0	80	2	0	0
396	470	454	455	13	510	1	0	0	0	0	0	0
397	476	456	457	10	510	1	0	0	0	0	0	0
398	477	457	458	9	714	2	0	0	510	1	255	1
399	480	459	460	9	510	1	0	0	510	1	255	1
400	484	376	461	51	0	0	0	0	0	0	0	0
401	485	462	463	46	0	0	0	0	0	0	0	0
402	486	405	18	89	0	0	0	0	0	0	0	0
403	487	411	18	25	0	0	0	0	0	0	0	0
404	488	412	214	40	0	0	0	0	0	0	0	0
405	489	464	465	130	0	0	0	0	0	0	0	0
406	490	83	466	44	0	0	0	0	0	0	0	0
407	491	467	468	179	0	0	0	0	0	0	0	0
408	494	469	470	127	153	3	0	0	80	2	80	2
409	495	470	471	12	0	0	0	0	0	0	0	0
410	496	468	83	7	0	0	0	0	0	0	0	0
411	497	26	194	194	1530	3	0	0	0	0	0	0
412	498	128	472	103	153	3	0	0	51	1	29	1
413	500	473	474	84	0	0	0	0	0	0	0	0
414	501	474	475	39	0	0	0	0	0	0	0	0
415	502	472	411	89	0	0	0	0	0	0	0	0
416	503	127	476	112	102	2	0	0	182	4	29	1
417	504	477	127	146	153	3	0	0	109	3	88	3
418	505	194	473	85	0	0	0	0	0	0	0	0
419	506	17	464	116	0	0	0	0	0	0	0	0
420	507	465	467	115	0	0	0	0	0	0	0	0
421	508	475	128	153	255	5	0	0	89	3	89	3
422	509	26	193	190	1122	4	0	0	284	2	199	2
423	510	193	478	95	102	2	0	0	0	0	0	0
424	511	476	18	88	0	0	0	0	0	0	0	0
425	512	478	477	120	153	3	0	0	58	2	29	1
426	513	35	479	67	510	1	0	0	102	1	170	1
427	514	479	480	25	0	0	0	0	0	0	0	0
428	515	125	481	8	0	0	0	0	102	1	59	1
429	516	480	482	37	51	1	0	0	0	0	29	1
430	517	483	81	57	1020	2	0	0	510	1	255	1
431	518	123	483	251	3060	6	3740	1	952	5	782	5
432	519	242	123	59	0	0	0	0	0	0	0	0
433	520	41	484	230	3493	18	3400	2	2907	10	1649	8
434	521	485	223	156	1020	2	3740	2	510	2	510	2
435	522	484	242	18	0	0	0	0	0	0	0	0
436	523	81	465	87	0	0	0	0	0	0	0	0
437	525	220	125	87	204	1	0	0	0	0	0	0
438	526	486	487	44	0	0	0	0	0	0	0	0
439	527	487	220	28	0	0	0	0	0	0	0	0
440	528	223	486	35	2550	5	0	0	306	3	510	3
441	529	216	485	7	0	0	0	0	0	0	0	0
442	530	3	488	81	204	4	0	0	0	0	0	0
443	531	482	489	11	0	0	0	0	0	0	0	0
444	532	489	3	102	612	3	0	0	284	2	284	2
445	533	490	216	81	0	0	0	0	0	0	0	0
446	534	481	35	105	510	1	0	0	340	2	340	2
447	535	488	491	92	357	7	3400	1	169	5	88	3
448	536	492	493	56	0	0	0	0	0	0	0	0
449	537	492	494	64	918	3	0	0	510	3	578	3
450	539	495	496	79	3060	6	0	0	697	4	782	4
451	540	496	497	116	1530	3	0	0	612	2	425	2
452	541	314	498	23	0	0	0	0	0	0	0	0
453	542	461	462	53	510	1	0	0	102	1	170	1
454	543	338	499	235	0	0	0	0	0	0	0	0
455	546	87	500	401	3906	17	0	0	1785	10	1887	12
456	547	501	447	55	0	0	0	0	0	0	0	0
457	548	447	294	236	3627	15	0	0	2057	13	1973	13
458	551	34	502	158	1020	2	0	0	510	1	255	1
459	565	503	43	260	1632	5	0	0	272	2	272	2
460	566	504	503	232	0	0	0	0	0	0	0	0
461	567	110	339	77	0	0	0	0	0	0	0	0
462	568	239	505	76	3060	6	0	0	935	3	612	3
463	570	506	507	387	4196	12	1700	1	765	2	765	2
464	573	508	5	60	510	1	850	1	510	1	510	1
465	580	509	411	231	0	0	0	0	0	0	0	0
466	581	490	509	128	1020	2	0	0	612	3	680	3
467	582	465	490	8	0	0	0	0	0	0	0	0
468	583	510	490	116	0	0	0	0	0	0	0	0
469	585	82	467	62	3570	5	1870	1	2074	5	697	4
470	587	511	510	178	0	0	0	0	0	0	0	0
471	588	468	511	6	0	0	0	0	0	0	0	0
472	589	84	511	7	0	0	0	0	0	0	0	0
473	590	112	83	360	3685	17	2493	2	2754	6	1377	6
474	591	300	84	44	0	0	0	0	0	0	0	0
475	592	466	300	6	0	0	0	0	0	0	0	0
476	593	466	469	82	0	0	0	0	0	0	0	0
477	594	512	300	82	153	3	0	0	51	1	29	1
478	595	247	469	103	255	2	1870	1	131	2	131	2
479	596	513	512	130	153	3	0	0	110	3	89	3
480	597	514	515	6	0	0	0	0	0	0	0	0
481	598	464	509	8	0	0	0	0	0	0	0	0
482	599	516	517	206	0	0	0	0	0	0	0	0
483	600	518	519	135	3060	6	0	0	935	4	510	3
484	601	284	520	112	1734	4	0	0	510	5	544	4
485	602	521	522	73	1020	2	0	0	340	2	272	2
486	603	520	495	80	1734	4	0	0	1326	5	612	4
487	604	523	117	94	3519	10	1530	2	1836	5	510	4
488	605	524	493	29	0	0	0	0	0	0	0	0
489	606	322	331	33	0	0	0	0	0	0	0	0
490	607	496	521	25	0	0	0	0	0	0	0	0
491	608	525	322	45	0	0	0	0	0	0	0	0
492	609	331	526	71	1224	3	0	0	459	3	442	3
493	610	525	320	32	0	0	0	0	0	0	0	0
494	611	518	527	79	0	0	0	0	0	0	0	0
495	612	522	492	14	0	0	0	0	0	0	0	0
496	613	524	320	47	0	0	0	0	0	0	0	0
497	614	528	523	88	2142	6	1530	2	1020	2	204	2
498	615	117	529	25	0	0	0	0	0	0	0	0
499	616	316	518	61	0	0	0	0	0	0	0	0
500	617	527	530	68	510	1	0	0	102	1	170	1
501	618	529	316	45	0	0	0	0	0	0	0	0
502	619	56	531	94	204	1	6800	2	102	1	102	1
503	620	531	314	114	1479	10	0	0	386	4	454	4
504	621	526	56	54	0	0	0	0	0	0	0	0
505	622	498	528	68	0	0	0	0	0	0	0	0
506	623	51	532	201	2448	6	0	0	901	6	969	6
507	624	533	532	43	0	0	0	0	59	1	59	1
508	625	278	499	184	4896	8	0	0	918	6	561	4
509	626	534	535	23	0	0	0	0	0	0	0	0
510	627	535	536	90	0	0	0	0	102	1	102	1
511	628	537	534	73	1020	1	0	0	255	1	255	1
512	629	471	514	4	0	0	0	0	0	0	0	0
513	630	535	538	74	0	0	0	0	0	0	0	0
514	631	324	539	68	1530	3	0	0	510	2	340	2
515	632	540	324	78	612	3	0	0	0	0	0	0
516	633	538	540	74	1020	1	0	0	170	1	170	1
517	634	499	537	50	510	1	0	0	340	2	170	1
518	635	248	246	97	612	9	0	0	160	3	160	3
519	636	541	248	135	408	8	0	0	190	5	139	4
520	637	532	542	127	1224	3	0	0	306	3	442	3
521	638	246	471	85	204	4	0	0	89	3	59	2
522	639	539	51	63	0	0	0	0	0	0	0	0
523	640	114	542	21	0	0	0	0	0	0	0	0
524	641	543	541	14	0	0	0	0	0	0	0	0
525	642	541	114	25	0	0	0	0	0	0	0	0
526	643	542	543	29	0	0	0	0	0	0	0	0
527	644	544	545	52	204	4	0	0	51	1	51	1
528	645	513	470	10	0	0	0	0	0	0	0	0
529	646	515	546	3	0	0	0	0	0	0	0	0
530	647	513	304	81	153	3	0	0	29	1	29	1
531	648	498	452	307	102	2	0	0	59	2	59	2
532	649	544	515	73	153	3	0	0	29	1	29	1
533	650	452	547	82	51	1	0	0	0	0	0	0
534	651	546	548	12	0	0	0	0	0	0	0	0
535	652	547	308	71	51	1	0	0	0	0	29	1
536	653	302	254	101	510	10	0	0	170	5	140	4
537	654	304	302	80	255	5	0	0	199	6	119	4
538	655	308	544	112	204	4	0	0	140	4	119	4
539	656	549	514	256	1581	12	0	0	373	5	288	5
540	657	132	550	88	1581	4	0	0	335	4	539	4
541	658	551	25	183	0	0	0	0	0	0	0	0
542	659	552	550	138	1632	5	0	0	374	3	561	4
543	660	25	553	10	0	0	0	0	0	0	0	0
544	661	553	552	183	255	2	0	0	102	1	102	1
545	662	517	551	156	612	3	1870	1	153	2	221	2
546	663	552	551	11	0	0	0	0	0	0	0	0
547	664	314	549	407	2550	5	0	0	1377	6	612	3
548	665	254	554	174	612	12	0	0	238	8	208	7
549	666	555	556	83	102	2	0	0	0	0	0	0
550	667	546	557	102	153	3	0	0	29	1	29	1
551	669	548	513	8	0	0	0	0	0	0	0	0
552	670	548	555	115	204	4	0	0	29	1	29	1
553	671	557	558	97	153	3	0	0	59	2	59	2
554	674	559	560	33	0	0	0	0	0	0	0	0
555	676	310	561	93	1224	3	0	0	442	3	374	3
556	677	562	310	98	0	0	0	0	0	0	0	0
557	678	318	560	12	0	0	0	0	0	0	0	0
558	679	503	559	63	3468	8	0	0	765	3	765	3
559	680	318	48	70	510	1	0	0	102	1	170	1
560	681	48	562	100	408	2	0	0	272	2	272	2
561	682	561	563	74	510	1	0	0	102	1	170	1
562	683	190	188	110	0	0	0	0	0	0	0	0
563	684	26	564	83	0	0	0	0	0	0	0	0
564	685	565	516	819	510	1	0	0	102	1	170	1
565	686	566	553	107	51	1	0	0	0	0	0	0
566	688	189	567	254	0	0	0	0	0	0	0	0
567	689	568	1	194	0	0	0	0	0	0	0	0
568	690	188	568	177	510	1	0	0	0	0	0	0
569	691	569	190	87	0	0	0	0	0	0	0	0
570	692	567	21	86	0	0	0	0	0	0	0	0
571	693	1	189	357	0	0	0	0	0	0	0	0
572	694	550	516	223	510	1	0	0	170	1	102	1
573	695	564	569	57	0	0	0	0	0	0	0	0
574	696	21	566	85	0	0	1700	1	0	0	0	0
575	698	570	571	149	2040	4	1700	1	1020	5	561	4
576	700	570	573	48	510	1	0	0	0	0	0	0
577	701	574	236	76	0	0	0	0	0	0	0	0
578	702	516	575	363	0	0	0	0	0	0	0	0
579	703	236	575	68	0	0	0	0	0	0	0	0
580	704	45	574	338	3843	15	0	0	1734	8	986	6
581	706	182	573	137	561	2	0	0	153	2	221	2
582	707	573	178	38	0	0	0	0	0	0	0	0
583	709	516	134	103	2040	4	0	0	850	4	425	2
584	711	134	182	93	1020	2	0	0	204	2	340	2
585	712	22	576	119	510	1	0	0	0	0	0	0
586	713	26	21	12	0	0	0	0	0	0	0	0
587	714	22	577	164	0	0	0	0	0	0	0	0
588	715	162	578	102	2856	11	0	0	680	7	646	5
589	716	579	578	19	0	0	0	0	0	0	0	0
590	717	579	157	165	3111	10	0	0	986	8	1096	8
591	718	355	357	73	0	0	0	0	0	0	0	0
592	721	580	106	24	0	0	0	0	0	0	0	0
593	722	581	582	50	714	2	0	0	204	2	272	2
594	723	355	580	102	1020	2	0	0	255	1	255	1
595	724	106	336	75	510	1	3400	1	204	2	340	2
596	725	582	565	77	1020	2	0	0	816	4	204	2
597	726	336	581	34	1020	2	0	0	0	0	0	0
598	727	577	583	103	153	3	0	0	59	2	59	2
599	728	584	585	150	1508	12	0	0	505	8	425	6
600	729	576	583	121	1530	3	935	1	510	2	255	1
601	730	180	577	316	765	15	0	0	556	14	415	13
602	731	184	180	84	357	7	0	0	220	6	220	6
603	732	585	184	82	408	8	0	0	199	6	178	6
604	733	384	586	266	4182	10	0	0	969	6	969	5
605	735	586	565	177	2550	5	0	0	935	5	442	3
606	736	565	587	271	4080	8	3400	1	1751	8	1530	7
607	737	585	179	82	204	4	1246	1	29	1	29	1
608	738	183	585	91	255	5	0	0	139	4	58	2
609	739	135	132	3	0	0	0	0	0	0	0	0
610	740	135	183	87	357	7	0	0	89	3	59	2
611	741	517	550	20	0	0	0	0	0	0	0	0
612	742	572	588	55	0	0	0	0	0	0	0	0
613	743	588	589	25	510	1	0	0	0	0	0	0
614	744	590	169	227	4080	8	0	0	1037	6	1020	5
615	745	572	169	48	510	1	0	0	765	3	510	2
616	746	588	591	78	2550	5	0	0	527	3	170	1
617	747	186	592	83	714	2	0	0	255	1	102	1
618	748	567	186	165	2040	4	0	0	1564	5	1105	3
619	749	564	567	10	0	0	0	0	0	0	0	0
620	762	0	593	77	0	0	0	0	0	0	0	0
621	763	460	457	19	0	0	0	0	0	0	0	0
622	764	593	455	22	0	0	0	0	0	0	0	0
623	766	594	595	139	1530	3	1133	1	765	3	510	3
624	767	593	594	88	0	0	0	0	0	0	0	0
625	768	596	594	78	510	1	0	0	510	1	170	1
626	769	568	597	60	0	0	0	0	0	0	0	0
627	770	598	191	142	8160	8	850	1	1955	8	935	5
628	771	191	599	147	4080	4	0	0	680	3	680	3
629	772	597	598	132	3060	3	1870	1	765	3	340	2
630	773	600	191	103	0	0	0	0	0	0	0	0
631	774	597	601	286	8160	8	1870	1	1785	6	850	4
632	775	602	603	70	80	2	0	0	0	0	0	0
633	776	604	602	11	0	0	0	0	0	0	0	0
634	777	402	605	236	4437	21	0	0	1678	11	1436	12
635	778	605	606	13	102	2	0	0	29	1	29	1
636	779	192	607	171	153	3	0	0	29	1	29	1
637	780	608	192	102	153	3	0	0	0	0	0	0
638	781	604	608	99	233	5	0	0	29	1	29	1
639	782	606	603	85	459	9	0	0	29	1	29	1
640	783	609	587	53	0	0	0	0	0	0	0	0
641	784	15	609	33	0	0	0	0	0	0	0	0
642	785	610	609	94	204	1	0	0	306	3	306	3
643	786	13	610	128	1530	6	0	0	612	6	680	6
644	787	582	108	162	3783	10	0	0	1054	9	1462	9
645	788	108	610	64	204	1	0	0	102	1	102	1
646	789	611	204	140	0	0	0	0	0	0	0	0
647	790	612	203	141	182	4	0	0	119	4	89	3
648	791	204	613	103	0	0	1246	1	2040	2	1020	1
649	792	614	615	90	102	2	0	0	0	0	0	0
650	793	203	616	99	204	4	0	0	89	3	59	2
651	794	613	617	110	0	0	0	0	0	0	0	0
652	795	616	617	101	102	2	0	0	59	2	59	2
653	796	611	615	7	0	0	0	0	0	0	0	0
654	797	410	450	86	2040	4	0	0	1105	3	1190	3
655	798	600	569	103	2040	4	0	0	765	3	595	3
656	799	611	600	226	1020	11	0	0	348	7	403	6
657	800	450	618	104	510	10	0	0	119	4	119	4
658	801	618	612	180	867	17	0	0	238	8	238	8
659	802	615	612	6	0	0	0	0	0	0	0	0
660	803	412	199	83	0	0	0	0	0	0	0	0
661	804	199	206	150	204	1	0	0	0	0	0	0
662	805	206	617	148	153	3	935	1	58	2	58	2
663	806	202	619	115	204	4	0	0	88	3	58	2
664	807	618	202	69	459	9	0	0	119	4	119	4
665	808	620	621	73	306	6	0	0	88	3	88	3
666	809	619	205	40	102	2	0	0	51	1	51	1
667	810	613	598	232	3366	15	0	0	1190	5	816	5
668	811	200	619	109	459	9	0	0	224	5	148	5
669	812	205	621	75	204	4	0	0	140	4	140	4
670	813	621	616	74	204	4	0	0	59	2	59	2
671	814	408	200	88	1122	4	0	0	816	5	425	2
672	815	622	212	100	0	0	0	0	0	0	0	0
673	816	212	208	104	510	1	0	0	510	2	170	1
674	817	396	622	81	0	0	0	0	0	0	0	0
675	818	622	207	109	1020	2	0	0	680	3	510	3
676	819	623	622	105	510	1	0	0	170	1	170	1
677	820	207	624	92	714	2	0	0	442	3	272	2
678	821	209	306	54	0	0	0	0	0	0	0	0
679	822	412	623	88	0	0	0	0	0	0	0	0
680	823	623	211	116	1224	3	850	1	425	2	357	2
681	824	211	209	135	0	0	0	0	0	0	0	0
682	825	306	491	115	1020	2	0	0	0	0	255	1
683	826	2	625	162	2040	4	0	0	765	3	1020	4
684	827	2	209	100	4059	10	0	0	1139	6	1360	6
685	828	626	627	120	102	2	0	0	59	2	59	2
686	829	628	629	87	459	9	0	0	199	6	110	3
687	830	626	628	10	0	0	0	0	0	0	0	0
688	831	3	626	91	510	10	0	0	29	1	29	1
689	832	630	488	105	0	0	0	0	0	0	0	0
690	834	400	484	264	3774	7	0	0	1156	7	1139	7
691	835	489	631	235	969	29	0	0	386	13	297	10
692	836	631	632	96	306	6	0	0	119	4	89	3
693	837	629	630	181	1001	24	0	0	280	8	259	8
694	838	633	629	72	357	7	0	0	29	1	29	1
695	839	631	633	18	0	0	0	0	0	0	0	0
696	840	625	482	123	2091	5	0	0	641	5	624	4
697	841	213	625	250	965	25	0	0	378	12	378	12
698	842	409	213	79	1275	4	0	0	272	2	357	2
699	847	635	636	15	0	0	0	0	0	0	0	0
700	848	637	635	64	0	0	0	0	0	0	0	0
701	849	218	638	84	0	0	0	0	0	0	0	0
702	850	638	637	79	1020	2	0	0	255	1	170	1
703	851	406	637	197	1071	3	3740	1	204	2	340	2
704	852	637	223	191	3060	6	0	0	680	4	765	3
705	853	639	640	49	4080	8	0	0	1105	5	1275	5
706	854	638	639	115	1020	2	0	0	340	2	255	1
707	855	398	638	160	2550	5	0	0	714	4	680	4
708	856	509	215	75	3060	4	850	1	1275	4	765	3
709	857	215	639	83	0	0	0	0	0	0	0	0
710	858	407	219	78	102	2	0	0	59	2	29	1
711	859	636	124	8	102	2	0	0	29	1	29	1
712	860	126	635	14	0	0	0	0	0	0	0	0
713	861	219	126	140	2193	7	0	0	425	2	454	3
714	862	636	487	165	5100	6	0	0	1190	5	935	5
715	863	36	4	131	3060	6	0	0	1785	6	1445	5
716	864	4	8	129	3060	6	1898	2	1020	2	340	2
717	865	641	642	192	3264	7	1870	1	1275	5	1020	4
718	866	643	641	70	0	0	0	0	0	0	0	0
719	868	485	643	127	3938	9	0	0	1700	8	1445	7
720	869	644	131	142	510	10	0	0	178	6	139	4
721	870	131	645	108	284	6	0	0	118	4	118	4
722	871	405	644	85	2091	5	0	0	1559	4	539	3
723	872	226	646	26	51	1	0	0	0	0	0	0
724	873	608	646	49	51	1	0	0	29	1	29	1
725	874	478	473	29	0	0	0	0	0	0	0	0
726	875	646	225	23	0	0	0	0	0	0	0	0
727	876	226	478	67	102	2	0	0	59	2	59	2
728	877	473	647	106	4151	10	1870	1	1785	7	765	3
729	878	407	648	85	0	0	3740	1	0	0	0	0
730	879	649	614	39	0	0	0	0	0	0	0	0
731	880	648	649	247	510	10	0	0	119	4	59	2
732	882	647	195	76	0	0	0	0	0	0	0	0
733	883	614	647	81	0	0	0	0	0	0	0	0
734	884	650	651	82	204	4	0	0	59	2	29	1
735	885	130	650	77	204	4	0	0	118	4	118	4
736	886	129	650	81	102	2	0	0	59	2	29	1
737	887	652	130	87	153	3	0	0	80	2	80	2
738	888	653	403	85	0	0	0	0	0	0	0	0
739	889	399	654	85	0	0	0	0	0	0	0	0
740	890	476	472	27	0	0	0	0	0	0	0	0
741	891	655	648	72	4182	6	0	0	824	5	484	4
742	892	655	406	85	0	0	0	0	0	0	0	0
743	893	404	656	85	0	0	0	0	0	0	0	0
744	894	654	653	44	102	2	0	0	58	2	58	2
745	895	472	654	62	51	1	0	0	0	0	0	0
746	896	644	476	93	153	3	0	0	80	2	29	1
747	897	653	652	74	153	3	0	0	29	1	29	1
748	898	655	656	18	0	0	0	0	0	0	0	0
749	899	656	652	3	0	0	0	0	0	0	0	0
750	900	477	475	27	0	0	0	0	0	0	0	0
751	901	651	649	63	51	1	0	0	29	1	0	0
752	902	475	651	93	51	1	0	0	29	1	29	1
753	903	474	614	140	0	0	0	0	0	0	0	0
754	904	227	645	29	51	1	0	0	51	1	51	1
755	905	657	603	70	357	7	1870	1	29	1	29	1
756	906	658	234	88	867	8	0	0	374	5	374	5
757	907	659	660	129	1224	9	0	0	556	4	403	4
758	908	227	477	80	204	4	0	0	0	0	0	0
759	909	660	658	189	1096	17	0	0	411	10	390	10
760	910	603	645	73	153	3	0	0	29	1	29	1
761	911	234	657	102	535	9	0	0	148	5	119	4
762	912	230	232	69	408	8	0	0	89	3	29	1
763	913	661	606	75	408	8	0	0	0	0	0	0
764	914	232	661	38	153	3	0	0	59	2	0	0
765	915	661	605	63	51	1	0	0	0	0	0	0
766	916	401	229	76	357	7	0	0	119	4	118	4
767	917	229	230	71	408	8	0	0	0	0	0	0
768	918	662	663	79	459	6	0	0	153	2	131	2
769	919	663	658	82	255	5	0	0	80	2	51	1
770	920	664	663	166	714	14	0	0	220	6	148	5
771	921	665	664	155	816	13	1870	1	258	8	228	7
772	922	664	660	76	102	2	0	0	29	1	29	1
773	923	666	664	77	153	3	0	0	131	3	110	3
774	924	667	666	179	1887	13	0	0	717	11	590	8
775	925	666	662	143	918	9	0	0	433	8	318	6
776	926	237	668	258	4029	19	3740	1	2075	19	1946	16
777	927	575	237	214	4080	14	0	0	952	8	1020	8
778	928	668	602	110	510	1	0	0	510	1	510	1
779	929	668	669	34	1020	2	0	0	170	1	255	1
780	930	634	483	263	6120	6	3400	2	765	3	425	2
781	931	244	82	35	0	0	0	0	0	0	0	0
782	932	121	244	279	4508	17	0	0	4165	15	2380	10
783	933	467	510	8	0	0	0	0	0	0	0	0
784	934	510	643	86	2040	4	0	0	1020	2	340	2
785	935	469	512	6	0	0	0	0	0	0	0	0
786	936	113	249	153	1224	3	0	0	272	2	357	2
787	937	249	247	95	0	0	0	0	0	0	0	0
788	938	670	671	70	1530	3	0	0	0	0	0	0
789	939	59	670	144	4080	8	0	0	1785	4	765	3
790	940	670	57	51	0	0	0	0	0	0	0	0
791	941	672	673	16	0	0	0	0	0	0	0	0
792	942	250	674	62	80	2	0	0	59	2	59	2
793	943	556	675	440	1395	41	0	0	696	22	616	20
794	944	250	672	8	0	0	0	0	0	0	0	0
795	945	676	32	164	3862	15	0	0	1530	6	765	3
796	946	674	672	64	0	0	0	0	0	0	0	0
797	947	677	678	269	2550	5	0	0	527	3	595	3
798	948	677	679	61	0	0	0	0	0	0	0	0
799	949	675	29	10	0	0	0	0	0	0	0	0
800	951	680	677	13	0	0	0	0	0	0	0	0
801	952	679	681	64	2550	5	0	0	595	3	527	3
802	953	682	558	252	969	19	0	0	561	16	407	13
803	954	556	558	21	0	0	0	0	0	0	0	0
804	955	674	680	53	0	0	0	0	0	0	0	0
805	957	680	676	13	0	0	0	0	0	0	0	0
806	958	529	682	181	2426	10	0	0	629	6	374	5
807	959	120	682	82	408	5	0	0	102	1	102	1
808	960	547	120	118	459	9	0	0	148	5	118	4
809	961	527	251	53	2091	3	3740	1	284	2	284	2
810	962	543	549	192	1326	8	0	0	335	4	403	4
811	963	547	549	15	0	0	0	0	0	0	0	0
812	964	682	251	91	153	3	0	0	29	1	29	1
813	965	683	684	38	0	0	0	0	0	0	0	0
814	966	673	683	37	1020	2	3400	1	170	1	255	1
815	967	511	253	144	2244	5	0	0	765	3	425	2
816	968	685	683	39	510	1	0	0	255	1	170	1
817	969	684	675	16	0	0	0	0	0	0	0	0
818	970	673	684	8	0	0	0	0	0	0	0	0
819	971	554	685	117	561	2	0	0	255	1	255	1
820	972	253	554	180	561	2	0	0	131	2	170	1
821	973	305	303	81	284	6	0	0	59	2	29	1
822	974	555	305	80	204	4	0	0	29	1	29	1
823	975	303	685	288	4194	34	0	0	2131	15	1925	15
824	976	309	120	70	51	1	0	0	0	0	0	0
825	977	309	557	184	663	13	0	0	118	4	88	3
826	978	686	112	250	0	0	0	0	0	0	0	0
827	980	49	686	70	510	1	0	0	102	1	170	1
828	982	687	688	79	51	1	0	0	29	1	0	0
829	983	689	690	68	408	8	0	0	58	2	58	2
830	984	691	692	68	306	6	0	0	29	1	29	1
831	985	688	693	45	663	4	0	0	88	3	88	3
832	986	523	687	220	1259	45	0	0	641	16	441	10
833	987	691	689	82	306	3	0	0	102	1	102	1
834	988	693	691	20	0	0	0	0	0	0	0	0
835	989	694	695	190	867	17	0	0	458	14	347	11
836	990	689	694	65	80	2	0	0	0	0	0	0
837	991	695	563	94	51	1	0	0	0	0	0	0
838	992	696	697	122	4080	8	1870	1	527	3	612	3
839	993	694	698	77	255	5	0	0	140	4	110	3
840	994	698	699	55	153	3	0	0	0	0	0	0
841	995	700	694	74	612	3	0	0	170	1	170	1
842	996	697	52	151	3502	12	1133	1	1785	7	909	5
843	997	52	701	99	1020	2	0	0	204	2	340	2
844	998	702	696	360	3947	27	0	0	2577	22	2625	21
845	999	701	313	113	0	0	0	0	0	0	0	0
846	1000	277	702	144	2499	10	0	0	595	5	612	5
847	1001	698	703	16	0	0	0	0	0	0	0	0
848	1002	703	704	40	51	1	0	0	0	0	0	0
849	1004	313	705	91	102	2	0	0	80	2	59	2
850	1005	705	700	47	0	0	0	0	0	0	0	0
851	1006	706	700	25	0	0	0	0	0	0	0	0
852	1007	313	706	91	0	0	0	0	0	0	0	0
853	1008	707	701	255	7191	10	0	0	1729	8	1134	6
854	1009	701	562	291	8801	24	0	0	1512	15	1138	9
855	1010	531	707	187	4463	29	0	0	1797	15	658	8
856	1011	708	709	79	153	3	0	0	89	3	89	3
857	1012	710	693	92	510	1	0	0	0	0	0	0
858	1013	709	688	92	0	0	0	0	0	0	0	0
859	1014	709	710	45	102	2	0	0	59	2	59	2
860	1015	711	561	74	51	1	0	0	29	1	29	1
861	1016	705	706	38	0	0	0	0	0	0	0	0
862	1017	528	708	210	1145	38	0	0	556	18	296	10
863	1018	706	711	205	1734	22	0	0	760	17	611	15
864	1019	710	705	111	306	6	0	0	211	4	160	3
865	1020	687	712	111	416	9	0	0	59	2	29	1
866	1021	315	708	88	408	8	0	0	131	3	58	2
867	1022	708	687	90	386	8	0	0	89	3	59	2
868	1023	707	315	114	896	18	0	0	208	7	148	5
869	1024	117	713	41	51	1	0	0	199	2	199	2
870	1025	714	703	255	10865	25	0	0	4054	17	901	8
871	1026	714	715	84	335	7	0	0	0	0	0	0
872	1027	713	716	107	816	16	0	0	140	4	110	3
873	1028	317	712	47	80	2	0	0	0	0	0	0
874	1029	716	317	36	255	5	0	0	88	3	88	3
875	1030	712	714	75	0	0	3740	1	0	0	0	0
876	1031	695	704	206	1020	20	0	0	258	8	207	7
877	1032	711	695	94	3111	5	0	0	539	3	510	2
878	1034	717	504	70	4080	8	0	0	1275	5	1020	4
879	1035	493	718	109	2550	5	3740	1	1122	5	1190	5
880	1036	719	720	95	2550	5	0	0	629	4	850	5
881	1037	721	718	4	0	0	0	0	0	0	0	0
882	1038	696	717	89	0	0	0	0	0	0	0	0
883	1039	720	696	107	1020	2	0	0	0	0	0	0
884	1040	721	719	85	0	0	0	0	102	1	59	1
885	1041	722	723	35	0	0	0	0	0	0	0	0
886	1042	717	724	97	0	0	0	0	0	0	0	0
887	1043	724	723	145	1020	2	0	0	170	1	170	1
888	1044	559	723	34	0	0	0	0	0	0	0	0
889	1046	725	726	86	1020	2	0	0	425	2	255	1
890	1047	53	725	84	1224	3	0	0	357	2	357	2
891	1048	726	727	25	2550	5	935	1	255	1	170	1
892	1049	727	724	25	0	0	0	0	0	0	0	0
893	1050	722	560	35	0	0	0	0	0	0	0	0
894	1051	725	722	118	1020	2	0	0	425	2	170	1
895	1052	276	728	151	1887	7	0	0	705	7	790	7
896	1053	728	720	338	3009	26	0	0	768	12	747	9
897	1055	729	730	47	3060	6	3740	2	204	2	170	1
898	1057	720	729	57	0	0	0	0	0	0	0	0
899	1058	731	44	229	12036	30	935	1	1003	6	986	6
900	1060	732	719	336	3038	39	0	0	998	20	1011	20
901	1061	719	731	56	1020	2	1870	1	272	2	272	2
902	1062	272	732	140	2754	9	0	0	760	8	930	7
903	1063	497	721	177	4020	12	0	0	1819	9	1530	8
904	1064	282	497	285	3401	21	0	0	1741	19	1935	15
905	1065	718	321	75	1020	2	0	0	425	2	340	2
906	1066	321	323	77	2550	5	0	0	1360	3	595	3
907	1067	323	54	142	2244	5	0	0	578	5	714	5
908	1068	540	327	181	4182	10	0	0	1853	11	1428	9
909	1069	733	329	25	0	0	0	0	0	0	0	0
910	1070	327	733	26	0	0	3740	1	0	0	0	0
911	1071	329	525	202	3700	10	0	0	1870	8	1530	6
912	1072	539	734	211	3575	9	0	0	1564	7	1615	8
913	1073	734	526	225	3702	16	1870	1	1802	12	1717	11
914	1074	734	55	60	510	1	0	0	102	1	170	1
915	1075	733	330	79	510	1	0	0	680	3	255	1
916	1076	330	734	68	0	0	0	0	0	0	0	0
917	1077	326	80	11	0	0	0	0	0	0	0	0
918	1078	538	326	179	4182	10	0	0	1139	7	1309	7
919	1079	80	328	40	0	0	0	0	0	0	0	0
920	1080	328	524	201	4080	8	0	0	1190	8	1360	7
921	1081	95	735	74	1020	2	0	0	170	1	255	1
922	1082	95	93	6	0	0	0	0	0	0	0	0
923	1083	537	332	60	0	0	0	0	0	0	0	0
924	1084	332	93	70	2550	5	0	0	816	5	1122	6
925	1085	522	90	219	7210	15	2266	2	3060	6	510	2
926	1086	736	737	72	0	0	0	0	0	0	0	0
927	1087	521	736	74	510	1	0	0	272	2	170	1
928	1088	737	735	74	2040	4	0	0	510	2	255	1
929	1089	728	702	65	561	2	0	0	153	2	255	2
930	1090	732	728	65	51	1	0	0	0	0	0	0
931	1091	738	739	195	4692	9	3740	1	833	6	884	6
932	1092	58	738	13	0	0	0	0	0	0	0	0
933	1093	540	334	82	4572	12	6800	2	1870	4	1700	4
934	1094	334	739	75	5652	22	0	0	3060	6	3570	7
935	1095	740	741	60	1224	3	0	0	459	3	527	3
936	1096	741	176	93	2040	4	0	0	459	3	680	3
937	1097	348	507	72	204	1	0	0	102	1	102	1
938	1098	507	45	156	3596	11	0	0	2414	10	1428	9
939	1099	742	740	96	2805	7	0	0	969	7	1037	6
940	1100	742	171	25	0	0	0	0	0	0	0	0
941	1101	140	340	258	2040	4	0	0	1530	5	1105	4
942	1102	340	171	77	0	0	0	0	0	0	0	0
943	1103	741	348	23	0	0	0	0	0	0	0	0
944	1104	344	743	112	2040	4	0	0	476	4	476	4
945	1105	744	745	44	510	1	0	0	102	1	170	1
946	1106	384	744	151	1530	3	0	0	374	3	442	3
947	1107	744	344	111	1020	2	0	0	357	2	340	2
948	1108	345	746	112	918	3	0	0	612	3	459	3
949	1109	745	345	19	0	0	0	0	0	0	0	0
950	1110	746	140	77	510	1	0	0	170	1	102	1
951	1111	747	342	99	3909	14	0	0	1326	5	1020	4
952	1112	747	748	67	510	1	0	0	510	2	170	1
953	1113	746	743	39	0	0	0	0	0	0	0	0
954	1114	743	747	40	1020	2	0	0	272	2	272	2
955	1115	749	171	149	510	1	8500	3	102	1	170	1
956	1116	342	749	44	0	0	0	0	0	0	0	0
957	1117	742	347	76	0	0	0	0	0	0	0	0
958	1118	346	750	152	561	11	0	0	208	7	178	6
959	1119	740	346	98	969	7	0	0	313	5	398	4
960	1120	751	580	166	1479	8	0	0	637	7	615	7
961	1121	389	751	265	1479	20	0	0	463	10	339	8
962	1122	752	351	82	2193	7	0	0	680	3	255	1
963	1123	351	751	53	51	1	0	0	51	1	0	0
964	1124	586	752	126	1275	7	0	0	199	2	131	2
965	1125	350	752	77	204	1	0	0	102	1	102	1
966	1126	753	350	74	714	2	1700	1	1224	7	816	6
967	1127	754	74	26	204	1	0	0	102	1	59	1
968	1128	74	380	62	510	1	0	0	102	1	170	1
969	1129	463	755	23	1530	3	0	0	340	2	510	2
970	1130	755	754	35	1020	2	0	0	204	2	340	2
971	1131	756	757	52	1020	1	0	0	255	1	170	1
972	1132	364	756	188	3666	9	0	0	1530	10	1479	9
973	1133	757	758	27	3060	3	0	0	425	2	170	1
974	1134	754	359	75	408	2	0	0	204	2	204	2
975	1135	359	759	92	4182	10	0	0	1445	9	1581	9
976	1136	759	756	69	918	3	0	0	255	1	255	1
977	1138	387	759	178	2244	5	3740	1	1020	8	1156	7
978	1139	760	148	94	1530	3	0	0	680	3	340	2
979	1140	383	760	67	1224	3	0	0	306	3	442	3
980	1141	760	761	112	2040	4	0	0	714	4	425	2
981	1142	368	762	101	1377	6	0	0	437	4	437	4
982	1143	388	368	97	1122	4	0	0	357	2	340	2
983	1144	762	151	127	1071	6	0	0	357	4	425	4
984	1145	762	197	97	510	1	0	0	102	1	102	1
985	1146	197	105	111	2244	5	3400	1	102	1	102	1
986	1147	105	745	139	2040	7	0	0	935	7	1020	7
987	1148	372	373	56	1734	4	0	0	714	2	425	2
988	1149	763	258	101	1428	4	0	0	425	2	425	2
989	1150	373	369	83	0	0	0	0	0	0	0	0
990	1151	370	369	3	0	0	0	0	0	0	0	0
991	1152	33	372	96	3060	6	0	0	748	6	901	6
992	1153	370	102	101	714	5	0	0	204	2	204	2
993	1154	102	764	82	2091	5	0	0	510	3	595	3
994	1155	763	764	38	0	0	0	0	0	0	0	0
995	1156	139	764	118	641	4	0	0	170	1	255	1
996	1157	764	765	98	306	6	0	0	118	4	88	3
997	1158	765	99	128	663	13	0	0	326	11	288	9
998	1159	286	766	156	1530	3	0	0	765	4	867	4
999	1160	90	735	73	0	0	1700	1	0	0	0	0
1000	1161	766	735	107	0	0	0	0	0	0	0	0
1001	1162	495	767	78	1020	2	0	0	1020	2	255	1
1002	1163	766	94	73	3060	6	5610	1	680	3	765	3
1003	1164	768	766	74	3570	7	0	0	1445	6	765	3
1004	1165	767	768	73	510	1	0	0	765	3	170	1
1005	1166	280	768	165	3862	18	0	0	2380	5	765	3
1006	1167	768	737	108	0	0	0	0	0	0	0	0
1007	1168	283	767	176	2040	4	3400	2	510	3	680	3
1008	1169	767	736	109	3060	6	2805	1	204	2	416	3
1009	1170	765	763	141	2499	7	1700	1	1003	8	935	7
1010	1171	763	769	63	1224	3	0	0	544	4	408	4
1011	1172	413	770	66	102	2	0	0	127	1	29	1
1012	1173	770	771	51	212	5	0	0	110	3	59	2
1013	1174	34	413	111	663	4	1700	1	314	3	314	3
1014	1175	770	434	21	102	2	0	0	80	2	80	2
1015	1176	434	270	88	1224	6	0	0	450	5	382	5
1016	1177	772	269	99	1071	3	0	0	272	2	272	2
1017	1178	165	772	201	1683	15	0	0	632	10	555	10
1018	1179	414	298	83	2040	4	0	0	612	3	510	3
1019	1180	772	414	125	3495	13	0	0	1479	8	1309	8
1020	1181	773	774	106	1071	3	0	0	255	3	391	3
1021	1182	775	776	76	51	1	0	0	29	1	29	1
1022	1183	777	775	61	510	1	0	0	102	1	170	1
1023	1184	776	263	95	3570	7	0	0	697	4	765	4
1024	1185	778	777	32	0	0	0	0	0	0	0	0
1025	1186	779	778	69	0	0	0	0	0	0	0	0
1026	1187	427	780	65	0	0	0	0	0	0	0	0
1027	1188	774	781	62	0	0	0	0	0	0	0	0
1028	1189	781	780	108	0	0	0	0	0	0	0	0
1029	1190	780	782	18	0	0	0	0	0	0	0	0
1030	1191	782	778	39	0	0	0	0	0	0	0	0
1031	1192	781	427	12	0	0	0	0	0	0	0	0
1032	1193	782	783	81	3060	6	0	0	1190	5	765	4
1033	1194	779	782	32	0	0	0	0	0	0	0	0
1034	1195	784	779	92	2040	3	0	0	527	3	272	2
1035	1196	430	785	35	0	0	0	0	0	0	0	0
1036	1197	786	10	40	612	3	0	0	102	1	102	1
1037	1198	424	787	21	0	0	0	0	0	0	0	0
1038	1199	424	774	73	1020	2	0	0	510	2	340	2
1039	1200	774	428	66	0	0	0	0	0	0	0	0
1040	1201	421	788	71	408	2	0	0	272	2	272	2
1041	1202	63	421	196	3264	7	0	0	884	5	867	5
1042	1203	788	422	118	3661	13	1700	1	1970	14	2040	9
1043	1204	422	787	53	1020	2	0	0	357	2	340	2
1044	1205	785	428	35	0	0	0	0	0	0	0	0
1045	1206	786	430	30	0	0	0	0	0	0	0	0
1046	1207	426	784	106	510	1	0	0	170	1	170	1
1047	1208	789	790	77	510	1	0	0	102	1	170	1
1048	1209	791	792	58	459	3	3400	1	204	2	204	2
1049	1210	790	259	90	1275	4	3400	1	365	5	501	5
1050	1211	787	426	60	1530	3	0	0	442	3	425	2
1051	1212	791	784	7	0	0	0	0	0	0	0	0
1052	1213	792	789	54	765	3	0	0	229	2	170	1
1053	1214	789	775	129	1581	7	0	0	476	4	476	4
1054	1215	150	789	391	4539	35	0	0	2264	25	1856	22
1055	1216	790	776	130	3111	10	0	0	884	8	1326	9
1056	1217	149	790	391	3913	32	0	0	1882	22	1758	20
1057	1218	777	793	81	0	0	0	0	0	0	0	0
1058	1219	792	777	127	663	7	0	0	284	4	352	4
1059	1220	785	418	114	3264	7	0	0	1394	7	1122	6
1060	1221	419	783	59	0	0	0	0	0	0	0	0
1061	1222	419	793	13	0	0	0	0	0	0	0	0
1062	1223	418	783	6	0	0	0	0	0	0	0	0
1063	1224	793	794	83	1020	2	0	0	255	1	255	1
1064	1226	794	264	136	4080	8	0	0	1819	7	1870	8
1065	1227	416	795	32	0	0	0	0	0	0	0	0
1066	1228	795	794	63	2040	4	0	0	697	4	850	5
1067	1229	416	291	139	510	1	0	0	170	1	102	1
1068	1230	786	366	115	1326	5	3570	2	374	3	374	3
1069	1231	367	366	44	0	0	0	0	0	0	0	0
1070	1232	367	795	99	0	0	0	0	0	0	0	0
1071	1233	796	791	122	3927	11	0	0	1049	11	1423	10
1072	1234	142	796	269	4366	20	0	0	2363	15	1744	15
1073	1235	143	797	219	3264	10	0	0	862	7	794	5
1074	1236	797	796	98	0	0	0	0	0	0	0	0
1075	1237	788	420	131	2550	5	0	0	102	1	170	1
1076	1238	420	797	56	2550	5	0	0	102	1	170	1
1077	1239	417	798	34	510	1	0	0	170	1	102	1
1078	1240	798	292	99	1224	3	0	0	510	2	255	1
1079	1241	158	433	102	2550	5	0	0	765	6	867	5
1080	1242	433	417	80	1938	8	1700	1	816	6	646	5
1081	1243	435	579	90	0	0	0	0	0	0	0	0
1082	1244	265	435	78	2856	8	0	0	765	6	816	6
1083	1245	798	265	97	2958	7	0	0	901	6	969	6
1084	1246	437	436	106	3570	10	0	0	1122	6	663	5
1085	1247	297	437	97	4080	8	1700	1	561	4	697	4
1086	1248	448	164	177	0	0	0	0	102	1	102	1
1087	1249	284	438	133	1326	5	0	0	374	3	374	3
1088	1250	438	501	68	1020	2	6460	5	102	1	170	1
1089	1251	501	446	59	0	0	0	0	0	0	0	0
1090	1252	446	448	62	0	0	0	0	0	0	0	0
1091	1253	799	800	163	510	1	0	0	170	1	170	1
1092	1254	278	449	124	3060	6	0	0	646	5	935	5
1093	1255	800	64	39	2040	4	0	0	476	4	765	4
1094	1256	65	294	14	0	0	0	0	0	0	0	0
1095	1257	449	64	112	1632	5	0	0	374	3	340	2
1096	-1	627	628	1	0	0	0	0	0	0	0	0
1097	-2	632	633	1	0	0	0	0	0	0	0	0
1098	-3	678	679	1	0	0	0	0	0	0	0	0
1099	-4	2	3	112	0	0	0	0	0	0	0	0
1100	-6	11	287	211	0	0	0	0	0	0	0	0
1101	-7	6	7	18	0	0	0	0	0	0	0	0
1102	-8	9	4	145	0	0	0	0	0	0	0	0
1103	-9	35	36	71	0	0	0	0	0	0	0	0
1104	-10	109	256	163	0	0	0	0	0	0	0	0
1105	-12	171	170	93	0	0	0	0	0	0	0	0
1106	-13	222	5	69	0	0	0	0	0	0	0	0
1107	-14	426	427	107	0	0	0	0	0	0	0	0
1108	-18	296	502	336	0	0	0	0	0	0	0	0
1109	-19	570	572	182	0	0	0	0	0	0	0	0
1110	-20	460	455	38	0	0	0	0	0	0	0	0
1111	-21	634	402	72	0	0	0	0	0	0	0	0
END					
-----------------------------------------					
InputUsedToGenerateTheGraph:					
County:	Frederiksberg				
CenterNodeId:	0				
Radius:	1000000				
HouseTypes:	Normal	Summer	Apartment		
NumberOfWasteFractions: 4					
IntervalsForWasteFraction:	paper	7.0	14.0	56.0	
IntervalsForWasteFraction:	glass	7.0	14.0	21.0	28.0
IntervalsForWasteFraction:	plastic	7.0	14.0	28.0	56.0
IntervalsForWasteFraction:	metal	7.0	14.0	28.0	56.0
-----------------------------------------					


