ProblemType:	MC-CARP
NumberNodes:	1132
NumberEdges:	1221
DepotNodeNumber:	86
NumberOfFractions:	4
NumberOfIntervalsForFraction	Glass_Metal_Plastic	1	14
NumberOfIntervalsForFraction	General	1	14
NumberOfIntervalsForFraction	Organic	1	14
NumberOfIntervalsForFraction	Paper	1	14
GRAPH
EdgeNumber	EdgeId	StartNodeNumber	EndNodeNumber	Cost	Demand_0	Bins_0
	Demand_1	Bins_1
	Demand_2	Bins_2
	Demand_3	Bins_3
START
0	22	0	1	1567	135	2	295	2	72	2	51	1
1	85	2	3	631	0	0	0	0	0	0	0	0
2	155	4	5	185	42	1	103	1	17	1	51	1
3	195	6	7	28	35	1	105	1	22	1	0	0
4	196	8	9	81	173	4	382	4	91	4	40	1
5	197	9	10	44	87	2	188	2	48	2	0	0
6	198	10	11	15	0	0	0	0	0	0	0	0
7	199	12	13	102	277	6	667	6	110	6	110	3
8	200	13	2	48	30	1	112	1	20	1	40	1
9	254	14	15	94	0	0	0	0	0	0	0	0
10	262	16	17	194	54	1	121	1	29	1	40	1
11	279	18	19	105	217	5	605	5	164	5	102	1
12	280	18	20	11	0	0	0	0	0	0	0	0
13	281	21	22	34	125	3	320	3	82	3	0	0
14	282	23	24	39	35	1	109	1	18	1	40	1
15	285	25	26	280	35	1	106	1	21	1	0	0
16	286	27	20	86	161	3	407	3	79	3	51	1
17	287	20	26	161	173	5	518	5	117	5	0	0
18	288	28	29	132	254	5	614	5	118	5	182	4
19	289	23	21	89	223	6	616	6	130	6	0	0
20	290	21	30	58	139	3	302	3	86	3	51	1
21	333	31	32	145	65	2	151	2	39	2	51	1
22	334	33	34	426	36	1	105	1	21	1	0	0
23	459	35	36	259	20	1	61	1	13	1	0	0
24	461	37	38	13	32	1	107	1	23	1	0	0
25	576	39	40	404	38	1	100	1	24	1	51	1
26	601	41	42	39	37	1	99	1	26	1	51	1
27	602	42	43	56	214	6	631	6	124	6	306	6
28	631	44	45	110	138	3	292	3	55	3	51	1
29	652	46	47	718	32	1	109	1	21	1	51	1
30	680	48	49	92	254	6	524	6	123	6	153	3
31	699	50	51	176	0	0	0	0	0	0	0	0
32	701	52	53	110	0	0	0	0	0	0	0	0
33	757	55	56	142	125	3	322	3	80	3	102	2
34	758	56	57	122	97	2	223	2	46	2	0	0
35	759	58	0	401	0	0	0	0	0	0	0	0
36	760	0	39	32	40	1	98	1	24	1	0	0
37	769	59	60	86	362	8	923	8	228	8	386	8
38	771	58	61	718	201	3	565	3	144	3	153	3
39	829	62	63	232	316	2	755	2	213	2	0	0
40	830	55	64	22	0	0	0	0	0	0	0	0
41	831	64	57	113	168	4	395	4	83	4	204	4
42	832	57	65	115	0	0	0	0	0	0	0	0
43	834	66	67	105	42	1	97	1	23	1	40	1
44	835	67	56	51	87	2	262	2	59	2	80	2
45	849	68	69	60	234	5	476	5	140	5	0	0
46	880	70	71	155	69	1	214	1	41	1	0	0
47	912	72	73	299	0	0	0	0	0	0	0	0
48	913	72	74	185	0	0	0	0	0	0	0	0
49	914	73	75	130	39	1	100	1	23	1	51	1
50	915	76	77	383	0	0	0	0	0	0	0	0
51	938	78	79	356	71	1	227	1	42	1	0	0
52	954	80	81	207	0	0	0	0	0	0	0	0
53	955	82	83	67	0	0	0	0	0	0	0	0
54	956	84	85	350	37	1	99	1	26	1	0	0
55	1023	86	87	958	2816	20	5549	20	1684	20	459	9
56	1024	88	89	303	36	1	109	1	17	1	51	1
57	1025	90	91	142	0	0	0	0	0	0	0	0
58	1026	92	93	153	38	1	102	1	22	1	0	0
59	1027	94	95	240	0	0	0	0	0	0	0	0
60	1028	96	97	220	271	7	704	7	130	7	102	2
61	1029	98	96	335	87	1	210	1	43	1	40	1
62	1030	98	94	201	92	2	189	2	42	2	102	2
63	1031	94	99	470	0	0	0	0	0	0	0	0
64	1032	100	101	81	298	7	701	7	132	7	102	2
65	1033	101	97	78	318	3	641	3	182	3	102	2
66	1034	101	102	143	226	5	498	5	127	5	204	4
67	1040	104	105	120	374	9	835	9	194	9	233	5
68	1041	106	107	151	39	1	106	1	17	1	0	0
69	1042	108	70	388	0	0	0	0	0	0	0	0
70	1136	109	110	338	0	0	0	0	0	0	0	0
71	1137	111	112	453	66	2	216	2	41	2	51	1
72	1138	113	114	31	0	0	0	0	0	0	0	0
73	1139	115	116	99	333	8	787	8	130	8	255	5
74	1140	50	117	197	36	1	103	1	23	1	51	1
75	1141	118	115	66	0	0	0	0	0	0	0	0
76	1142	115	119	58	0	0	0	0	0	0	0	0
77	1143	119	120	17	0	0	0	0	0	0	0	0
78	1144	49	121	23	19	1	66	1	9	1	51	1
79	1145	48	122	30	72	2	199	2	52	2	0	0
80	1146	123	124	84	113	3	300	3	72	3	102	2
81	1148	125	112	476	43	1	98	1	21	1	51	1
82	1149	112	126	488	100	3	303	3	56	3	102	2
83	1150	127	128	156	0	0	0	0	0	0	0	0
84	1156	129	130	75	106	3	327	3	52	3	0	0
85	1157	130	131	101	35	1	108	1	19	1	0	0
86	1209	132	133	230	34	1	103	1	25	1	0	0
87	1277	134	135	292	76	2	211	2	36	2	0	0
88	1279	136	137	175	327	8	787	8	221	8	255	5
89	1280	137	138	11	0	0	0	0	0	0	0	0
90	1281	138	139	94	108	3	323	3	54	3	51	1
91	1282	139	140	81	72	2	203	2	48	2	51	1
92	1283	140	141	104	20	1	65	1	9	1	51	1
93	1285	142	143	1296	33	1	111	1	18	1	51	1
94	1286	137	144	43	133	3	314	3	80	3	153	3
95	1287	138	145	33	83	2	204	2	36	2	51	1
96	1288	139	146	48	100	2	207	2	59	2	0	0
97	1289	110	147	344	0	0	0	0	0	0	0	0
98	1290	110	52	59	0	0	0	0	0	0	0	0
99	1291	143	148	27	0	0	0	0	0	0	0	0
100	1292	148	149	248	0	0	0	0	0	0	0	0
101	1293	150	151	39	0	0	0	0	0	0	0	0
102	1295	152	153	832	68	2	204	2	51	2	0	0
103	1296	153	154	317	101	2	218	2	47	2	51	1
104	1297	152	155	169	0	0	0	0	0	0	0	0
105	1298	156	157	437	0	0	0	0	0	0	0	0
106	1299	158	156	127	41	1	132	1	31	1	51	1
107	1300	156	159	83	0	0	0	0	0	0	0	0
108	1301	160	84	283	29	1	107	1	26	1	0	0
109	1302	161	37	98	44	1	140	1	20	1	0	0
110	1303	72	161	135	128	4	379	4	97	4	153	3
111	1304	161	150	51	22	1	59	1	13	1	51	1
112	1323	162	163	134	41	1	100	1	21	1	51	1
113	1334	154	162	17	0	0	0	0	0	0	0	0
114	1335	162	164	378	0	0	0	0	0	0	0	0
115	1336	135	165	21	0	0	0	0	0	0	0	0
116	1345	166	167	276	0	0	0	0	0	0	0	0
117	1346	136	168	13	0	0	0	0	0	0	0	0
118	1350	103	169	109	71	2	173	2	37	2	0	0
119	1351	169	170	152	297	5	673	5	127	5	204	4
120	1352	171	170	110	219	6	635	6	158	6	204	4
121	1353	172	173	291	149	4	405	4	92	4	204	4
122	1354	174	76	294	96	2	225	2	45	2	102	2
123	1355	114	174	90	35	1	103	1	24	1	0	0
124	1357	126	175	320	0	0	0	0	0	0	0	0
125	1358	176	177	246	24	1	57	1	13	1	29	1
126	1369	178	166	212	55	1	116	1	33	1	51	1
127	1370	179	180	541	38	1	104	1	20	1	51	1
128	1371	181	182	11	0	0	0	0	0	0	0	0
129	1372	183	78	247	0	0	0	0	0	0	0	0
130	1449	184	185	121	28	1	75	1	16	1	51	1
131	1473	186	187	136	0	0	0	0	0	0	0	0
132	1474	188	189	143	0	0	0	0	0	0	0	0
133	1475	190	191	71	171	4	387	4	88	4	51	1
134	1476	173	190	26	0	0	0	0	0	0	0	0
135	1477	190	192	241	574	14	1392	14	253	14	631	13
136	1478	192	193	40	110	3	302	3	73	3	153	3
137	1479	193	105	41	115	3	305	3	65	3	142	3
138	1480	106	172	31	0	0	0	0	0	0	0	0
139	1481	173	194	276	0	0	0	0	0	0	0	0
140	1482	194	47	66	0	0	0	0	0	0	0	0
141	1483	193	172	88	0	0	0	0	0	0	0	0
142	1484	195	196	167	0	0	0	0	0	0	0	0
143	1485	196	173	31	0	0	0	0	0	0	0	0
144	1486	91	197	169	0	0	0	0	0	0	0	0
145	1498	198	199	34	86	2	191	2	46	2	51	1
146	1499	199	169	28	0	0	0	0	0	0	0	0
147	1500	171	199	230	77	2	185	2	36	2	102	2
148	1501	200	164	99	38	1	105	1	19	1	0	0
149	1502	201	198	17	0	0	0	0	0	0	0	0
150	1503	201	202	326	144	4	406	4	96	4	153	3
151	1509	203	204	401	67	2	148	2	40	2	0	0
152	1513	206	207	61	176	2	433	2	114	2	51	1
153	1514	207	208	53	33	1	107	1	22	1	0	0
154	1515	209	210	101	177	4	388	4	81	4	0	0
155	1524	211	212	255	0	0	0	0	0	0	0	0
156	1525	211	213	538	92	3	299	3	51	3	102	2
157	1526	214	215	110	0	0	0	0	0	0	0	0
158	1527	215	216	247	89	3	275	3	53	3	0	0
159	1528	217	218	167	0	0	0	0	0	0	0	0
160	1529	218	219	59	0	0	0	0	0	0	0	0
161	1530	220	221	72	0	0	0	0	0	0	0	0
162	1531	221	177	343	0	0	0	0	0	0	0	0
163	1532	127	222	172	39	1	105	1	18	1	51	1
164	1571	223	224	7	0	0	0	0	0	0	0	0
165	1572	224	225	169	254	4	530	4	151	4	102	2
166	1575	109	226	148	30	1	111	1	21	1	51	1
167	1576	226	227	236	0	0	0	0	0	0	0	0
168	1577	228	75	161	105	3	316	3	64	3	153	3
169	1578	75	229	513	0	0	0	0	0	0	0	0
170	1579	228	73	75	34	1	109	1	19	1	51	1
171	1621	230	231	136	0	0	0	0	0	0	0	0
172	1622	202	171	90	345	8	687	8	192	8	204	4
173	1623	164	198	164	234	5	490	5	84	5	51	1
174	1628	232	233	559	22	1	59	1	13	1	0	0
175	1636	234	209	287	133	1	366	1	62	1	0	0
176	1638	233	235	93	0	0	0	0	0	0	0	0
177	1654	83	85	237	39	1	97	1	26	1	0	0
178	1655	85	99	238	40	1	135	1	29	1	51	1
179	1657	236	237	233	115	2	321	2	50	2	51	1
180	1658	238	239	40	83	2	192	2	48	2	0	0
181	1659	238	240	764	79	2	202	2	42	2	51	1
182	1660	82	236	86	40	1	106	1	16	1	51	1
183	1661	99	241	345	0	0	0	0	0	0	0	0
184	1662	242	225	65	0	0	0	0	0	0	0	0
185	1663	242	243	309	32	1	108	1	22	1	0	0
186	1664	244	245	106	148	3	308	3	71	3	51	1
187	1665	245	223	54	123	3	351	3	53	3	142	3
188	1666	244	246	126	184	4	378	4	84	4	193	4
189	1667	246	247	31	33	1	111	1	18	1	51	1
190	1668	248	249	165	69	2	214	2	40	2	0	0
191	1669	249	250	29	112	1	229	1	67	1	51	1
192	1670	251	248	510	137	3	308	3	82	3	102	2
193	1671	248	252	35	185	4	393	4	68	4	102	2
194	1672	244	253	84	125	3	271	3	63	3	102	2
195	1673	253	223	70	40	1	104	1	18	1	51	1
196	1674	225	254	20	31	1	108	1	23	1	0	0
197	1676	245	255	165	291	6	591	6	130	6	131	3
198	1677	253	245	30	0	0	0	0	0	0	0	0
199	1678	256	254	40	0	0	0	0	0	0	0	0
200	1679	253	257	34	123	3	329	3	75	3	29	1
201	1681	246	249	78	0	0	0	0	0	0	0	0
202	1682	258	185	148	45	1	135	1	24	1	51	1
203	1683	259	260	84	41	1	97	1	24	1	51	1
204	1685	261	262	151	0	0	0	0	0	0	0	0
205	1686	262	259	578	36	1	108	1	18	1	51	1
206	1687	247	263	13	31	1	113	1	18	1	51	1
207	1688	263	181	74	49	1	122	1	33	1	51	1
208	1689	181	250	25	0	0	0	0	0	0	0	0
209	1690	264	265	122	439	10	990	10	229	10	255	5
210	1691	263	44	24	0	0	0	0	0	0	0	0
211	1692	179	266	648	38	1	101	1	23	1	51	1
212	1693	44	265	146	169	4	373	4	104	4	153	3
213	1694	265	180	663	36	1	109	1	17	1	0	0
214	1695	267	268	47	0	0	0	0	0	0	0	0
215	1696	256	242	55	0	0	0	0	0	0	0	0
216	1893	269	270	73	29	1	75	1	15	1	0	0
217	1894	271	272	328	42	1	132	1	30	1	51	1
218	1895	45	273	97	74	2	196	2	53	2	0	0
219	1896	273	179	551	0	0	0	0	0	0	0	0
220	1899	274	275	128	73	2	210	2	40	2	0	0
221	1900	183	182	168	0	0	0	0	0	0	0	0
222	1901	276	277	130	48	1	128	1	28	1	51	1
223	1902	278	279	102	0	0	0	0	0	0	0	0
224	1903	279	280	374	0	0	0	0	0	0	0	0
225	1906	281	158	232	0	0	0	0	0	0	0	0
226	1909	282	283	300	0	0	0	0	0	0	0	0
227	1910	283	157	176	33	1	103	1	26	1	0	0
228	1911	284	285	443	160	2	460	2	103	2	51	1
229	1912	285	286	101	18	1	64	1	12	1	0	0
230	1921	229	287	172	0	0	0	0	0	0	0	0
231	1922	288	289	69	0	0	0	0	0	0	0	0
232	1923	290	291	40	110	3	264	3	43	3	153	3
233	1924	292	293	79	27	1	77	1	15	1	0	0
234	1928	294	295	108	40	1	104	1	18	1	0	0
235	1929	212	296	53	34	1	104	1	24	1	0	0
236	1932	297	298	633	0	0	0	0	0	0	0	0
237	1936	207	299	29	91	2	219	2	56	2	0	0
238	1944	300	301	63	36	1	105	1	21	1	0	0
239	1949	302	303	370	0	0	0	0	0	0	0	0
240	1971	237	304	309	0	0	0	0	0	0	0	0
241	1972	304	305	10	0	0	0	0	0	0	0	0
242	1974	306	307	1374	0	0	0	0	0	0	0	0
243	2003	308	309	125	82	2	239	2	45	2	51	1
244	2007	39	310	450	218	6	527	6	97	6	204	4
245	2016	311	312	26	37	1	102	1	23	1	0	0
246	2032	313	314	67	38	1	105	1	19	1	51	1
247	2033	315	316	688	39	1	99	1	24	1	51	1
248	2034	317	318	148	40	1	100	1	22	1	51	1
249	2053	321	322	130	0	0	0	0	0	0	0	0
250	2055	323	33	263	0	0	0	0	0	0	0	0
251	2056	324	323	299	0	0	0	0	0	0	0	0
252	2079	325	326	143	112	3	283	3	47	3	51	1
253	2110	327	328	41	65	2	215	2	43	2	102	2
254	2168	329	330	65	158	4	329	4	91	4	51	1
255	2177	331	332	475	35	1	102	1	25	1	0	0
256	2178	331	333	434	0	0	0	0	0	0	0	0
257	2184	334	335	82	123	3	284	3	78	3	51	1
258	2185	336	337	37	24	1	80	1	15	1	51	1
259	2198	153	338	71	0	0	0	0	0	0	0	0
260	2201	339	340	254	0	0	0	0	0	0	0	0
261	2211	341	342	90	52	1	125	1	27	1	51	1
262	2238	126	313	9	0	0	0	0	0	0	0	0
263	2242	343	227	1031	0	0	0	0	0	0	0	0
264	2251	344	345	232	0	0	0	0	0	0	0	0
265	2281	346	23	86	146	4	411	4	89	4	91	2
266	2289	47	347	720	32	1	104	1	26	1	0	0
267	2290	347	262	431	0	0	0	0	0	0	0	0
268	2291	46	348	226	34	1	112	1	16	1	0	0
269	2292	348	259	92	40	1	98	1	24	1	51	1
270	2301	349	350	199	0	0	0	0	0	0	0	0
271	2302	350	351	108	0	0	0	0	0	0	0	0
272	2303	352	256	470	284	7	791	7	167	7	327	4
273	2304	271	307	209	18	1	63	1	13	1	0	0
274	2305	307	352	67	41	1	103	1	18	1	0	0
275	2306	353	354	141	0	0	0	0	0	0	0	0
276	2307	354	355	40	0	0	0	0	0	0	0	0
277	2338	356	357	64	336	7	952	7	149	7	51	1
278	2339	358	359	43	145	3	387	3	89	3	0	0
279	2340	359	356	37	96	2	215	2	55	2	0	0
280	2341	360	361	110	201	4	559	4	107	4	142	3
281	2342	361	358	73	0	0	0	0	0	0	0	0
282	2343	362	360	157	0	0	0	0	0	0	0	0
283	2345	363	364	41	0	0	0	0	0	0	0	0
284	2346	364	365	66	0	0	0	0	0	0	0	0
285	2347	366	367	32	561	2	1413	2	270	2	140	1
286	2348	367	368	34	0	0	0	0	0	0	140	1
287	2349	363	369	23	0	0	0	0	0	0	0	0
288	2350	369	366	20	42	1	95	1	25	1	0	0
289	2351	370	371	8	0	0	0	0	0	0	0	0
290	2352	371	372	46	165	3	409	3	89	3	0	0
291	2353	373	374	21	42	1	103	1	17	1	0	0
292	2354	374	6	24	184	3	581	3	119	3	0	0
293	2355	373	375	71	0	0	0	0	0	0	0	0
294	2356	375	376	80	43	1	137	1	24	1	51	1
295	2357	377	378	246	0	0	0	0	0	0	0	0
296	2358	319	284	468	0	0	0	0	0	0	0	0
297	2434	379	380	78	275	7	608	7	163	7	229	2
298	2498	380	381	122	549	12	1045	12	319	12	161	2
299	2504	382	383	179	82	2	207	2	34	2	102	2
300	2571	384	386	35	78	2	204	2	41	2	0	0
301	2685	216	387	174	163	1	308	1	90	1	0	0
302	2731	388	389	95	189	5	523	5	96	5	0	0
303	2814	390	391	45	98	2	215	2	53	2	0	0
304	2858	392	393	84	30	1	77	1	12	1	51	1
305	2859	394	395	123	60	2	146	2	32	2	0	0
306	2860	396	397	103	148	1	450	1	82	1	51	1
307	2861	350	398	84	44	1	94	1	24	1	51	1
308	2862	149	399	179	42	1	103	1	17	1	0	0
309	2863	400	401	76	29	1	73	1	17	1	0	0
310	2878	151	402	136	33	1	103	1	26	1	51	1
311	2879	403	404	99	86	2	266	2	56	2	0	0
312	2881	287	405	294	32	1	113	1	17	1	0	0
313	2882	289	406	112	22	1	62	1	10	1	0	0
314	2883	289	407	176	80	2	206	2	37	2	51	1
315	2885	408	409	111	38	1	105	1	19	1	51	1
316	2886	410	411	71	48	1	136	1	20	1	51	1
317	2887	412	413	74	74	1	210	1	56	1	51	1
318	2892	414	415	83	40	1	103	1	19	1	0	0
319	2904	204	416	78	20	1	64	1	10	1	0	0
320	2911	417	418	35	21	1	60	1	13	1	0	0
321	2940	221	419	121	32	1	106	1	24	1	40	1
322	2951	420	421	119	42	1	130	1	32	1	51	1
323	2954	422	423	139	31	1	113	1	18	1	0	0
324	2957	424	425	363	39	1	105	1	18	1	51	1
325	2970	427	428	302	0	0	0	0	0	0	0	0
326	2971	427	429	281	0	0	0	0	0	0	0	0
327	2972	426	430	254	177	3	407	3	79	3	102	2
328	2976	431	175	549	24	1	58	1	12	1	0	0
329	2989	337	432	371	60	2	157	2	38	2	102	2
330	2999	338	433	220	77	1	218	1	45	1	0	0
331	3001	434	435	102	39	1	97	1	26	1	51	1
332	3002	435	436	282	44	1	92	1	26	1	0	0
333	3004	295	311	57	0	0	0	0	0	0	0	0
334	3005	296	437	88	93	1	210	1	37	1	0	0
335	3006	438	439	98	32	1	105	1	25	1	0	0
336	3007	440	438	119	0	0	0	0	0	0	0	0
337	3008	301	441	103	0	0	0	0	0	0	0	0
338	3010	147	442	68	41	1	98	1	23	1	51	1
339	3011	297	443	138	164	1	386	1	105	1	0	0
340	3012	297	444	131	0	0	0	0	0	0	0	0
341	3062	3	445	65	73	2	217	2	33	2	0	0
342	3063	233	446	98	163	1	389	1	103	1	0	0
343	3067	348	447	80	30	1	75	1	14	1	0	0
344	3068	70	448	258	21	1	63	1	10	1	0	0
345	3072	347	449	70	39	1	142	1	23	1	51	1
346	3089	331	450	39	85	3	220	3	44	3	0	0
347	3098	451	452	135	20	1	60	1	14	1	0	0
348	3101	211	453	68	40	1	101	1	21	1	0	0
349	3102	454	455	247	95	1	204	1	41	1	40	1
350	3105	456	457	56	18	1	65	1	11	1	0	0
351	3128	303	458	337	36	1	103	1	23	1	0	0
352	3129	459	460	85	44	1	100	1	18	1	51	1
353	3130	218	461	68	21	1	61	1	12	1	0	0
354	3131	215	462	167	39	1	99	1	24	1	0	0
355	3143	463	464	78	0	0	0	0	0	0	0	0
356	3151	465	466	454	42	1	99	1	21	1	0	0
357	3210	469	470	145	41	1	102	1	19	1	51	1
358	3211	470	471	32	0	0	0	0	0	0	0	0
359	3214	472	58	60	0	0	0	0	0	0	0	0
360	3215	473	472	210	37	1	101	1	24	1	0	0
361	3216	65	474	629	0	0	0	0	0	0	0	0
362	3217	474	473	163	69	2	150	2	36	2	51	1
363	3218	40	475	161	180	5	513	5	115	5	204	4
364	3219	475	476	139	35	1	110	1	17	1	51	1
365	3221	180	477	108	0	0	0	0	0	0	0	0
366	3222	477	178	29	0	0	0	0	0	0	0	0
367	3277	478	479	150	0	0	0	0	0	0	0	0
368	3278	479	480	213	132	4	415	4	74	4	178	3
369	3279	481	482	216	1214	19	2366	19	654	19	943	14
370	3280	482	463	237	1052	18	2069	18	585	18	935	12
371	3281	483	484	126	689	2	1456	2	287	2	0	0
372	3282	484	485	50	0	0	0	0	0	0	0	0
373	3300	486	487	180	39	1	97	1	26	1	0	0
374	3309	488	489	287	40	1	102	1	20	1	51	1
375	3310	490	491	310	34	1	107	1	21	1	0	0
376	3311	492	493	176	40	1	103	1	19	1	51	1
377	3312	494	495	140	43	1	135	1	26	1	0	0
378	3315	496	497	163	42	1	94	1	26	1	0	0
379	3358	498	499	171	76	1	220	1	44	1	0	0
380	3389	500	501	174	33	1	106	1	23	1	0	0
381	3391	502	241	32	0	0	0	0	0	0	0	0
382	3392	241	500	170	0	0	0	0	0	0	0	0
383	3423	466	503	84	41	1	98	1	23	1	0	0
384	3424	470	504	96	45	1	133	1	26	1	51	1
385	3515	464	505	127	1524	27	3296	27	833	27	756	12
386	3516	506	507	138	2002	6	4711	6	1141	6	280	1
387	3641	511	512	240	82	2	197	2	44	2	0	0
388	3648	511	513	72	0	0	0	0	0	0	0	0
389	3653	514	306	232	0	0	0	0	0	0	0	0
390	3654	92	392	60	0	0	0	0	0	0	0	0
391	3655	392	90	347	92	2	218	2	56	2	51	1
392	3656	515	516	132	39	1	105	1	18	1	51	1
393	3657	517	518	541	71	2	199	2	53	2	102	2
394	3658	519	396	445	90	2	201	2	32	2	51	1
395	3659	396	195	422	0	0	0	0	0	0	0	0
396	3660	351	394	734	0	0	0	0	0	0	0	0
397	3661	394	196	335	42	1	103	1	17	1	0	0
398	3662	148	410	456	0	0	0	0	0	0	0	0
399	3663	410	189	27	0	0	0	0	0	0	0	0
400	3664	520	188	485	56	1	116	1	32	1	51	1
401	3665	189	521	609	84	2	227	2	55	2	191	2
402	3666	521	408	280	41	1	100	1	21	1	51	1
403	3669	523	524	95	0	0	0	0	0	0	0	0
404	3670	524	525	43	18	1	67	1	9	1	0	0
405	3671	108	292	434	71	2	206	2	46	2	51	1
406	3673	526	414	302	36	1	103	1	23	1	0	0
407	3674	414	527	68	37	1	99	1	26	1	40	1
408	3675	528	529	303	0	0	0	0	0	0	0	0
409	3676	529	530	72	0	0	0	0	0	0	0	0
410	3677	531	532	694	84	1	215	1	41	1	0	0
411	3678	532	533	7	0	0	0	0	0	0	0	0
412	3679	534	94	1233	408	9	1229	9	302	9	335	7
413	3740	279	535	64	43	1	100	1	19	1	0	0
414	3741	285	536	136	40	1	96	1	26	1	0	0
415	3742	283	537	98	36	1	104	1	22	1	0	0
416	3748	323	538	212	41	1	103	1	18	1	51	1
417	3749	475	539	73	32	1	110	1	20	1	51	1
418	3811	346	540	90	87	2	187	2	49	2	0	0
419	3812	321	541	86	38	1	107	1	17	1	51	1
420	3822	309	542	64	42	1	94	1	26	1	0	0
421	3872	529	543	84	30	1	74	1	15	1	0	0
422	3873	544	545	64	46	1	126	1	32	1	51	1
423	3875	157	546	76	38	1	101	1	23	1	0	0
424	3876	281	547	111	38	1	105	1	19	1	0	0
425	3877	340	548	93	38	1	104	1	20	1	0	0
426	3880	549	550	97	38	1	102	1	22	1	0	0
427	3882	551	552	126	88	2	203	2	32	2	51	1
428	3883	553	554	60	23	1	62	1	9	1	0	0
429	3884	306	555	33	49	1	132	1	23	1	0	0
430	3885	305	556	104	54	1	118	1	32	1	0	0
431	3886	304	557	75	24	1	79	1	16	1	0	0
432	3887	521	558	302	40	1	100	1	22	1	0	0
433	3888	293	523	185	0	0	0	0	0	0	0	0
434	3889	559	560	99	33	1	104	1	25	1	51	1
435	3890	561	562	80	43	1	136	1	25	1	51	1
436	3976	320	563	103	0	0	0	0	0	0	0	0
437	3983	564	478	28	0	0	0	0	0	0	0	0
438	3984	478	565	26	0	0	0	0	0	0	0	0
439	3986	77	566	117	41	1	97	1	24	1	0	0
440	4022	567	564	28	0	0	0	0	0	0	0	0
441	4157	568	569	47	185	3	389	3	89	3	59	2
442	4158	568	570	46	40	1	138	1	26	1	40	1
443	4159	571	568	82	185	4	403	4	101	4	70	2
444	4160	571	572	45	111	3	257	3	49	3	59	2
445	4161	573	571	44	131	3	299	3	55	3	51	1
446	4162	372	574	134	183	4	380	4	83	4	0	0
447	4163	208	575	165	260	8	803	8	161	8	51	1
448	4165	366	574	40	35	1	109	1	18	1	0	0
449	4193	485	68	80	0	0	0	0	0	0	0	0
450	4194	485	576	59	357	2	795	2	132	2	0	0
451	4195	576	564	191	0	0	0	0	0	0	0	0
452	4204	567	1	228	0	0	0	0	0	0	0	0
453	4241	577	578	794	0	0	0	0	0	0	0	0
454	4242	579	577	253	33	1	104	1	25	1	51	1
455	4291	573	580	171	50	1	127	1	27	1	0	0
456	4298	581	582	34	0	0	0	0	0	0	0	0
457	4361	583	268	52	68	2	220	2	35	2	0	0
458	4362	584	585	83	328	2	747	2	209	2	191	2
459	4366	586	587	74	92	3	285	3	65	3	102	2
460	4375	588	589	257	0	0	0	0	0	0	0	0
461	4469	590	591	130	0	0	0	0	0	0	0	0
462	4470	591	592	235	65	2	160	2	30	2	0	0
463	4550	435	593	73	0	0	0	0	0	0	0	0
464	4551	593	434	46	0	0	0	0	0	0	0	0
465	4552	434	424	170	0	0	0	0	0	0	0	0
466	4553	420	111	320	0	0	0	0	0	0	0	0
467	4554	420	422	268	0	0	0	0	0	0	0	0
468	4556	174	118	47	42	1	102	1	18	1	0	0
469	4557	594	549	860	392	12	1163	12	205	12	357	7
470	4558	549	595	137	125	4	300	4	85	4	193	4
471	4559	595	596	657	43	1	102	1	17	1	51	1
472	4560	595	597	216	0	0	0	0	0	0	0	0
473	4561	597	417	274	0	0	0	0	0	0	0	0
474	4562	417	343	105	0	0	0	0	0	0	0	0
475	4563	343	598	198	0	0	0	0	0	0	0	0
476	4564	599	147	450	0	0	0	0	0	0	0	0
477	4566	600	553	60	0	0	0	0	0	0	0	0
478	4567	553	601	86	0	0	0	0	0	0	0	0
479	4569	332	333	256	44	1	97	1	21	1	51	1
480	4570	274	332	174	0	0	0	0	0	0	0	0
481	4571	11	269	319	120	3	289	3	76	3	51	1
482	4572	602	603	18	0	0	0	0	0	0	0	0
483	4573	269	274	120	0	0	0	0	0	0	0	0
484	4574	603	604	42	42	1	95	1	25	1	0	0
485	4575	7	605	110	240	4	718	4	139	4	0	0
486	4576	605	606	4	0	0	0	0	0	0	0	0
487	4580	607	608	55	78	1	215	1	47	1	51	1
488	4581	609	607	82	147	2	440	2	93	2	0	0
489	4582	610	609	41	36	1	101	1	25	1	51	1
490	4583	609	611	34	0	0	0	0	0	0	0	0
491	4585	544	610	112	40	1	96	1	26	1	51	1
492	4586	403	612	244	0	0	0	0	0	0	0	0
493	4587	74	403	157	0	0	0	0	0	0	0	0
494	4588	74	400	425	0	0	0	0	0	0	0	0
495	4589	400	613	496	38	1	103	1	21	1	51	1
496	4590	613	561	267	38	1	101	1	23	1	51	1
497	4591	87	98	792	52	2	176	2	27	2	51	1
498	4596	614	615	149	305	6	966	6	192	6	0	0
499	4597	615	616	83	224	6	588	6	157	6	91	2
500	4612	617	607	45	0	0	0	0	0	0	0	0
501	4613	618	619	190	81	2	247	2	38	2	102	2
502	4614	619	620	30	0	0	0	0	0	0	0	0
503	4615	621	559	126	0	0	0	0	0	0	0	0
504	4616	559	622	526	0	0	0	0	0	0	0	0
505	4647	310	623	212	35	1	105	1	22	1	51	1
506	4648	473	624	92	31	1	110	1	21	1	51	1
507	4649	625	626	56	39	1	100	1	23	1	51	1
508	4651	272	627	80	36	1	104	1	22	1	51	1
509	4652	628	183	141	0	0	0	0	0	0	0	0
510	4654	40	629	66	41	1	103	1	18	1	51	1
511	4655	472	630	114	90	1	196	1	54	1	51	1
512	4656	345	631	1042	129	4	430	4	88	4	0	0
513	4657	477	632	56	32	1	110	1	20	1	51	1
514	4681	474	633	86	40	1	139	1	25	1	51	1
515	4682	64	634	63	114	2	333	2	55	2	51	1
516	4683	67	635	125	32	1	108	1	22	1	51	1
517	4684	353	636	169	43	1	95	1	24	1	51	1
518	4685	354	637	74	35	1	111	1	16	1	51	1
519	4687	638	639	87	51	2	115	2	21	2	0	0
520	4936	471	641	99	43	1	95	1	24	1	0	0
521	4942	642	643	739	70	2	151	2	34	2	51	1
522	4943	643	644	291	35	1	111	1	16	1	51	1
523	4944	643	645	67	0	0	0	0	0	0	0	0
524	4945	645	261	199	0	0	0	0	0	0	0	0
525	4946	646	645	159	17	1	63	1	14	1	51	1
526	4947	647	648	102	0	0	0	0	0	0	0	0
527	4948	648	649	83	0	0	0	0	0	0	0	0
528	4949	650	648	117	40	1	102	1	20	1	51	1
529	4988	651	652	783	0	0	0	0	0	0	0	0
530	5001	355	82	255	0	0	0	0	0	0	0	0
531	5002	355	653	111	80	1	207	1	53	1	51	1
532	5003	353	654	502	42	1	95	1	25	1	51	1
533	5004	654	655	69	46	1	125	1	33	1	0	0
534	5030	649	4	648	87	2	242	2	37	2	102	2
535	5092	563	34	600	0	0	0	0	0	0	0	0
536	5093	284	656	251	0	0	0	0	0	0	0	0
537	5094	656	280	334	68	2	208	2	47	2	51	1
538	5095	280	282	335	0	0	0	0	0	0	0	0
539	5098	657	378	160	0	0	0	0	0	0	0	0
540	5108	658	528	231	0	0	0	0	0	0	0	0
541	5109	659	496	740	0	0	0	0	0	0	0	0
542	5110	496	658	6	0	0	0	0	0	0	0	0
543	5119	652	660	385	50	2	114	2	23	2	0	0
544	5120	566	661	114	0	0	0	0	0	0	0	0
545	5165	662	663	107	35	1	104	1	23	1	0	0
546	5173	664	665	393	73	1	219	1	48	1	0	0
547	5187	666	667	253	37	1	105	1	20	1	0	0
548	5188	308	668	82	37	1	105	1	20	1	40	1
549	5189	669	670	629	149	1	416	1	90	1	51	1
550	5200	566	671	102	91	2	183	2	49	2	51	1
551	5201	651	672	112	33	1	104	1	25	1	51	1
552	5203	673	661	348	32	1	110	1	20	1	0	0
553	5283	674	675	343	0	0	0	0	0	0	0	0
554	5285	676	677	124	139	3	365	3	66	3	0	0
555	5286	678	679	52	80	2	229	2	57	2	0	0
556	5287	674	677	468	0	0	0	0	0	0	0	0
557	5288	677	679	158	0	0	0	0	0	0	0	0
558	5289	267	680	170	0	0	0	0	0	0	0	0
559	5290	267	681	27	0	0	0	0	0	0	0	0
560	5502	60	476	136	102	3	311	3	72	3	80	2
561	5680	682	683	50	79	2	246	2	41	2	59	1
562	5681	683	684	58	68	2	221	2	34	2	0	0
563	5682	684	685	88	146	4	352	4	63	4	0	0
564	5915	219	686	163	33	1	105	1	24	1	0	0
565	5916	687	688	260	264	6	605	6	100	6	51	1
566	5961	689	13	32	38	1	106	1	18	1	0	0
567	5969	690	691	161	84	2	197	2	42	2	0	0
568	6000	692	693	67	40	1	105	1	17	1	0	0
569	6002	694	695	25	41	1	103	1	18	1	0	0
570	6018	696	697	14	267	6	614	6	131	6	140	4
571	6020	698	412	281	0	0	0	0	0	0	0	0
572	6024	699	700	37	287	7	582	7	134	7	29	1
573	6025	699	701	16	40	1	98	1	24	1	0	0
574	6026	131	510	227	0	0	0	0	0	0	0	0
575	6039	702	686	174	42	1	97	1	23	1	0	0
576	6040	703	214	109	19	1	61	1	14	1	0	0
577	6049	688	513	74	110	3	317	3	58	3	0	0
578	6050	216	300	51	41	1	98	1	23	1	140	1
579	6054	214	686	6	0	0	0	0	0	0	0	0
580	6056	704	705	36	140	3	269	3	76	3	0	0
581	6057	706	707	286	101	3	247	3	69	3	0	0
582	6058	708	696	28	73	2	216	2	34	2	0	0
583	6060	581	709	36	182	4	370	4	94	4	0	0
584	6061	710	581	20	33	1	111	1	18	1	0	0
585	6062	711	712	9	0	0	0	0	0	0	0	0
586	6063	713	714	276	0	0	0	0	0	0	0	0
587	6072	715	716	572	90	3	221	3	38	3	40	1
588	6082	14	717	31	75	2	207	2	41	2	0	0
589	6083	15	718	42	79	2	199	2	45	2	59	1
590	6116	702	719	227	0	0	0	0	0	0	0	0
591	6125	601	720	119	32	1	109	1	21	1	0	0
592	6143	522	721	357	39	1	99	1	24	1	0	0
593	6144	722	706	107	197	4	471	4	89	4	0	0
594	6145	706	723	80	0	0	0	0	0	0	0	0
595	6146	723	724	371	67	2	161	2	27	2	51	1
596	6147	725	722	3	0	0	0	0	0	0	0	0
597	6148	725	726	38	87	2	199	2	37	2	51	1
598	6149	727	704	31	32	1	106	1	24	1	0	0
599	6150	704	728	150	440	11	1058	11	236	11	121	3
600	6151	600	729	41	0	0	0	0	0	0	0	0
601	6152	729	362	119	0	0	0	0	0	0	0	0
602	6153	729	730	69	307	5	689	5	186	5	51	1
603	6154	720	731	348	0	0	0	0	0	0	0	0
604	6166	732	733	32	98	3	329	3	58	3	0	0
605	6167	734	733	36	0	0	0	0	0	0	0	0
606	6168	732	734	26	52	1	129	1	23	1	0	0
607	6170	735	736	20	27	1	77	1	15	1	0	0
608	6171	736	737	783	318	7	772	7	126	7	102	2
609	6183	687	738	29	38	1	108	1	16	1	0	0
610	6186	522	711	126	71	2	156	2	28	2	0	0
611	6198	35	739	544	0	0	0	0	0	0	0	0
612	6199	740	727	79	235	5	488	5	127	5	29	1
613	6200	741	292	173	77	2	211	2	35	2	51	1
614	6201	742	743	165	20	1	64	1	10	1	0	0
615	6205	695	744	24	111	3	299	3	75	3	81	1
616	6212	733	745	254	68	2	220	2	35	2	0	0
617	6213	745	746	201	17	1	66	1	11	1	0	0
618	6222	747	732	93	44	1	99	1	19	1	0	0
619	6223	748	747	125	0	0	0	0	0	0	0	0
620	6224	372	749	11	0	0	0	0	0	0	0	0
621	6240	750	206	373	41	1	96	1	25	1	0	0
622	6241	750	454	238	0	0	0	0	0	0	0	0
623	6275	739	751	55	36	1	101	1	25	1	0	0
624	6291	690	454	93	0	0	0	0	0	0	0	0
625	6353	735	752	24	53	1	130	1	21	1	51	1
626	6354	752	132	120	117	3	256	3	44	3	51	1
627	6355	752	736	29	0	0	0	0	0	0	0	0
628	6356	753	735	41	33	1	112	1	17	1	51	1
629	6414	329	32	151	215	5	421	5	104	5	125	2
630	6540	754	578	133	41	1	100	1	21	1	0	0
631	6541	755	281	860	0	0	0	0	0	0	0	0
632	6619	756	329	8	0	0	0	0	0	0	0	0
633	6622	754	533	29	0	0	0	0	0	0	0	0
634	6623	675	753	273	158	4	423	4	108	4	102	2
635	6652	26	667	49	0	0	0	0	0	0	0	0
636	6653	667	308	809	303	7	782	7	131	7	51	1
637	6654	286	669	113	0	0	0	0	0	0	0	0
638	6655	669	665	652	68	2	207	2	48	2	51	1
639	6672	757	758	142	37	1	107	1	18	1	0	0
640	6673	278	759	259	39	1	99	1	24	1	0	0
641	6674	760	761	169	42	1	94	1	26	1	0	0
642	6675	762	763	151	34	1	107	1	21	1	0	0
643	6676	764	579	98	20	1	62	1	12	1	0	0
644	6677	765	766	98	55	1	117	1	32	1	0	0
645	6678	767	768	169	43	1	103	1	16	1	0	0
646	6680	769	770	292	37	1	103	1	22	1	0	0
647	6688	771	772	171	39	1	99	1	24	1	0	0
648	6700	284	773	290	42	1	94	1	26	1	0	0
649	6701	320	774	219	24	1	60	1	10	1	0	0
650	6702	563	775	184	41	1	99	1	22	1	0	0
651	6703	656	776	313	39	1	102	1	21	1	51	1
652	6704	282	777	215	36	1	102	1	24	1	0	0
653	6714	658	778	129	27	1	79	1	13	1	0	0
654	6741	779	780	421	0	0	0	0	0	0	0	0
655	6742	779	781	556	42	1	101	1	19	1	0	0
656	6743	661	780	64	0	0	0	0	0	0	0	0
657	6754	782	34	453	86	2	191	2	46	2	0	0
658	6796	681	584	213	226	5	499	5	83	5	0	0
659	6807	783	767	515	107	3	315	3	63	3	0	0
660	6808	755	534	381	0	0	0	0	0	0	0	0
661	6816	784	785	421	85	2	188	2	50	2	0	0
662	6911	34	25	435	0	0	0	0	0	0	0	0
663	6912	25	324	183	0	0	0	0	0	0	0	0
664	6923	657	339	237	31	1	113	1	18	1	0	0
665	6924	782	659	414	162	4	381	4	103	4	0	0
666	6925	786	755	155	0	0	0	0	0	0	0	0
667	6940	787	544	2120	0	0	0	0	0	0	0	0
668	7029	582	788	40	210	4	405	4	116	4	0	0
669	7058	789	790	80	18	1	66	1	10	1	0	0
670	7100	119	791	91	202	5	526	5	122	5	233	5
671	7101	791	792	39	268	6	636	6	108	6	204	4
672	7113	793	794	442	43	1	97	1	22	1	0	0
673	7114	793	795	197	625	2	1360	2	259	2	0	0
674	7115	786	787	480	37	1	107	1	18	1	51	1
675	7126	358	796	62	233	4	490	4	144	4	102	2
676	7143	797	798	55	0	0	0	0	0	0	0	0
677	7144	799	797	57	0	0	0	0	0	0	0	0
678	7145	800	801	38	37	1	105	1	20	1	0	0
679	7150	800	682	100	210	6	650	6	109	6	59	1
680	7153	798	801	9	0	0	0	0	0	0	0	0
681	7154	799	798	18	0	0	0	0	0	0	0	0
682	7193	802	803	75	22	1	78	1	19	1	0	0
683	7194	802	804	120	195	4	537	4	93	4	155	3
684	7195	252	325	29	115	2	324	2	63	2	51	1
685	7196	325	244	71	84	2	187	2	52	2	51	1
686	7206	805	806	166	286	4	643	4	117	4	51	1
687	7207	294	805	9	0	0	0	0	0	0	0	0
688	7208	805	807	31	0	0	0	0	0	0	0	0
689	7216	793	511	267	0	0	0	0	0	0	0	0
690	7259	808	809	391	42	1	94	1	26	1	0	0
691	7265	155	810	1020	22	1	60	1	12	1	0	0
692	7294	811	809	332	0	0	0	0	0	0	0	0
693	7315	308	268	109	75	2	202	2	46	2	0	0
694	7318	378	33	63	0	0	0	0	0	0	0	0
695	7339	239	586	29	106	3	305	3	74	3	102	2
696	7340	586	100	33	32	1	104	1	26	1	51	1
697	7373	737	812	241	0	0	0	0	0	0	0	0
698	7374	316	812	570	0	0	0	0	0	0	0	0
699	7375	812	813	1249	41	1	133	1	30	1	0	0
700	7385	499	651	84	0	0	0	0	0	0	0	0
701	7386	780	499	94	0	0	0	0	0	0	0	0
702	7392	126	814	199	36	1	104	1	22	1	51	1
703	7425	815	388	178	682	12	2000	12	379	12	51	1
704	7426	388	12	8	0	0	0	0	0	0	0	0
705	7427	7	390	34	35	1	110	1	17	1	0	0
706	7428	390	208	38	114	3	309	3	62	3	0	0
707	7460	1	476	9	0	0	0	0	0	0	0	0
708	7461	506	463	19	0	0	0	0	0	0	0	0
709	7474	490	459	118	0	0	0	0	0	0	0	0
710	7475	459	302	370	33	1	103	1	26	1	0	0
711	7477	107	342	9	0	0	0	0	0	0	0	0
712	7478	342	108	305	30	1	114	1	18	1	51	1
713	7479	104	317	342	175	4	407	4	107	4	136	2
714	7634	816	159	395	90	2	201	2	32	2	0	0
715	7872	817	642	234	39	1	98	1	25	1	0	0
716	7886	167	261	341	33	1	111	1	18	1	51	1
717	8161	818	819	145	20	1	60	1	14	1	0	0
718	8162	820	821	261	74	2	211	2	38	2	29	1
719	8169	816	822	435	132	3	315	3	80	3	102	2
720	8170	822	823	264	74	2	201	2	48	2	51	1
721	8171	822	824	420	23	1	57	1	14	1	51	1
722	8190	19	386	32	0	0	0	0	0	0	0	0
723	8191	681	784	96	32	1	110	1	20	1	0	0
724	8192	680	319	46	0	0	0	0	0	0	0	0
725	8222	679	785	47	0	0	0	0	0	0	0	0
726	8223	785	680	534	0	0	0	0	0	0	0	0
727	8232	784	825	73	435	2	1215	2	221	2	140	1
728	8233	826	827	297	42	1	95	1	25	1	0	0
729	8348	316	55	159	177	4	370	4	99	4	161	4
730	8369	828	829	82	224	5	459	5	125	5	29	1
731	8370	829	830	13	0	0	0	0	0	0	0	0
732	8371	830	831	134	139	3	291	3	55	3	0	0
733	8372	831	811	762	0	0	0	0	0	0	0	0
734	8373	832	833	87	84	2	205	2	34	2	40	1
735	8374	834	835	704	136	4	360	4	82	4	51	1
736	8375	208	836	67	0	0	0	0	0	0	0	0
737	8376	836	203	258	0	0	0	0	0	0	0	0
738	8377	8	837	55	37	1	107	1	18	1	0	0
739	8378	837	838	25	41	1	97	1	24	1	0	0
740	8379	839	129	135	34	1	102	1	26	1	0	0
741	8380	840	841	57	179	5	538	5	91	5	59	1
742	8381	841	842	40	72	2	207	2	44	2	0	0
743	8382	842	843	35	0	0	0	0	0	0	0	0
744	8383	843	844	57	190	5	497	5	121	5	59	1
745	8384	845	846	72	33	1	108	1	21	1	0	0
746	8385	846	847	75	0	0	0	0	0	0	0	0
747	8405	684	848	122	727	15	1573	15	286	15	238	4
748	8490	794	849	115	207	5	515	5	86	5	0	0
749	8493	683	850	55	267	7	675	7	189	7	59	1
750	8496	851	852	14	35	1	102	1	25	1	0	0
751	8497	852	853	8	44	1	97	1	21	1	0	0
752	8513	854	855	12	80	2	191	2	52	2	81	1
753	8514	855	846	42	132	3	280	3	73	3	0	0
754	8515	846	856	34	106	2	320	2	76	2	0	0
755	8516	847	857	34	173	4	395	4	78	4	0	0
756	8531	818	820	31	0	0	0	0	0	0	0	0
757	8532	820	649	144	0	0	0	0	0	0	0	0
758	8566	741	858	129	40	1	102	1	20	1	0	0
759	8567	859	412	124	0	0	0	0	0	0	0	0
760	8568	186	742	429	0	0	0	0	0	0	0	0
761	8569	808	860	47	0	0	0	0	0	0	0	0
762	8570	859	861	497	0	0	0	0	0	0	0	0
763	8572	2	862	77	51	1	122	1	31	1	0	0
764	8573	862	573	109	40	1	105	1	17	1	0	0
765	8574	863	832	93	427	7	1018	7	179	7	142	3
766	8575	828	725	31	148	4	408	4	90	4	0	0
767	8582	833	864	89	45	1	131	1	28	1	0	0
768	8583	864	865	82	0	0	0	0	0	0	0	0
769	8584	865	590	32	31	1	106	1	25	1	0	0
770	8585	590	17	841	0	0	0	0	0	0	0	0
771	8586	866	867	87	207	6	569	6	151	6	0	0
772	8587	867	710	183	733	15	1529	15	297	15	110	3
773	8588	867	708	92	229	6	637	6	103	6	0	0
774	8589	365	866	49	171	4	373	4	102	4	0	0
775	8590	866	862	318	950	23	2413	23	615	23	191	5
776	8591	868	370	29	0	0	0	0	0	0	0	0
777	8592	749	815	61	501	5	1226	5	220	5	163	1
778	8593	869	740	134	597	12	1383	12	247	12	102	2
779	8594	364	727	160	435	12	1263	12	240	12	129	4
780	8595	701	870	32	35	1	108	1	19	1	0	0
781	8596	370	871	61	231	5	481	5	96	5	29	1
782	8597	863	699	79	358	4	1033	4	250	4	80	2
783	8598	865	872	168	552	14	1497	14	255	14	339	7
784	8599	864	873	125	545	13	1274	13	323	13	40	1
785	8600	833	874	119	478	12	1342	12	323	12	29	1
786	8601	875	551	231	367	8	749	8	219	8	80	2
787	8602	876	830	78	0	0	0	0	0	0	0	0
788	8603	831	876	166	40	1	96	1	26	1	0	0
789	8604	876	722	100	207	5	471	5	87	5	51	1
790	8605	749	829	134	465	10	925	10	225	10	51	1
791	8608	811	858	700	0	0	0	0	0	0	0	0
792	8609	716	877	287	0	0	0	0	0	0	0	0
793	8610	877	614	489	0	0	0	0	0	0	0	0
794	8611	614	373	54	98	3	263	3	56	3	0	0
795	8612	298	878	215	0	0	0	0	0	0	0	0
796	8613	298	877	742	0	0	0	0	0	0	0	0
797	8614	616	11	138	226	6	613	6	130	6	0	0
798	8615	863	868	22	391	2	853	2	228	2	40	1
799	8620	838	602	41	35	1	102	1	25	1	40	1
800	8621	604	879	5	0	0	0	0	0	0	0	0
801	8622	879	606	28	69	2	204	2	50	2	0	0
802	8623	206	836	31	0	0	0	0	0	0	0	0
803	8624	879	880	81	184	5	522	5	102	5	102	2
804	8625	604	881	41	128	3	289	3	68	3	0	0
805	8626	602	882	80	219	5	444	5	102	5	51	1
806	8627	838	883	41	267	3	585	3	151	3	102	2
807	8628	837	884	80	217	5	508	5	125	5	0	0
808	8629	9	885	68	262	6	609	6	141	6	91	2
809	8630	714	456	567	24	1	59	1	11	1	0	0
810	8631	580	713	258	0	0	0	0	0	0	0	0
811	8632	713	886	5	0	0	0	0	0	0	0	0
812	8633	360	887	60	41	1	105	1	16	1	0	0
813	8634	690	888	521	0	0	0	0	0	0	0	0
814	8638	844	889	35	136	4	408	4	102	4	140	2
815	8639	890	843	34	151	3	307	3	69	3	0	0
816	8640	841	891	36	84	2	222	2	60	2	59	1
817	8641	892	840	36	116	3	317	3	52	3	0	0
818	8643	747	893	46	57	2	186	2	38	2	0	0
819	8654	129	894	93	352	5	767	5	225	5	59	1
820	8655	856	895	38	189	4	398	4	102	4	81	1
821	8656	855	852	36	0	0	0	0	0	0	0	0
822	8658	748	896	140	39	1	103	1	20	1	0	0
823	8659	896	897	34	0	0	0	0	0	0	0	0
824	8660	897	845	152	0	0	0	0	0	0	0	0
825	8662	509	748	54	0	0	0	0	0	0	0	0
826	8669	510	692	110	0	0	0	0	0	0	0	0
827	8670	896	842	70	0	0	0	0	0	0	0	0
828	8671	842	898	76	88	2	194	2	41	2	0	0
829	8672	898	379	75	34	1	108	1	20	1	0	0
830	8673	899	900	29	0	0	0	0	0	0	0	0
831	8674	900	901	46	333	7	677	7	121	7	0	0
832	8675	902	379	96	356	10	1072	10	187	10	183	2
833	8676	903	898	97	330	8	773	8	164	8	280	4
834	8677	898	904	91	335	9	880	9	213	9	238	4
835	8679	839	905	53	0	0	0	0	0	0	0	0
836	8680	905	906	96	518	2	1449	2	277	2	0	0
837	8682	131	906	200	173	2	428	2	79	2	0	0
838	8683	746	839	88	0	0	0	0	0	0	0	0
839	8684	907	897	21	0	0	0	0	0	0	0	0
840	8685	907	908	99	309	4	727	4	146	4	59	1
841	8700	909	847	52	132	3	293	3	60	3	140	2
842	8704	685	910	72	42	1	104	1	16	1	0	0
843	8718	365	362	71	0	0	0	0	0	0	0	0
844	8720	868	911	105	78	2	202	2	43	2	0	0
845	8721	911	363	36	0	0	0	0	0	0	0	0
846	8722	600	912	71	329	1	839	1	142	1	163	1
847	8723	682	14	75	0	0	0	0	0	0	0	0
848	8730	849	913	831	232	6	501	6	100	6	119	2
849	8731	913	797	108	170	3	414	3	79	3	0	0
850	8733	899	914	35	36	1	110	1	16	1	0	0
851	8734	914	915	22	224	5	501	5	83	5	119	2
852	8735	900	916	34	0	0	0	0	0	0	0	0
853	8746	917	807	100	174	1	397	1	84	1	0	0
854	8747	917	227	1905	0	0	0	0	0	0	0	0
855	8748	918	919	36	24	1	81	1	14	1	51	1
856	8749	920	919	78	74	2	196	2	53	2	0	0
857	8780	921	212	126	260	6	584	6	125	6	0	0
858	8781	807	687	72	208	3	382	3	116	3	0	0
859	8788	861	922	167	0	0	0	0	0	0	0	0
860	8789	523	923	20	22	1	62	1	10	1	0	0
861	8811	738	438	24	42	1	98	1	22	1	0	0
862	8816	687	921	65	43	1	100	1	19	1	0	0
863	8825	815	828	17	0	0	0	0	0	0	0	0
864	8826	924	888	189	32	1	105	1	25	1	0	0
865	8827	925	924	286	38	1	98	1	26	1	0	0
866	8828	210	732	344	400	11	1174	11	203	11	59	1
867	8829	926	210	58	38	1	100	1	24	1	0	0
868	8833	918	921	55	34	1	106	1	22	1	0	0
869	8847	376	927	57	190	5	526	5	92	5	102	2
870	8848	10	376	103	39	1	106	1	17	1	0	0
871	8854	928	490	105	0	0	0	0	0	0	0	0
872	8855	441	929	74	156	1	325	1	80	1	51	1
873	8887	930	849	71	139	1	429	1	87	1	0	0
874	8901	832	931	88	205	6	630	6	134	6	59	2
875	8902	931	875	51	164	4	480	4	87	4	70	2
876	8913	847	932	41	39	1	106	1	17	1	0	0
877	8914	932	899	2	0	0	0	0	0	0	0	0
878	8925	916	933	18	77	2	210	2	36	2	0	0
879	8934	743	859	94	0	0	0	0	0	0	0	0
880	8939	860	741	232	0	0	0	0	0	0	0	0
881	8940	721	934	238	0	0	0	0	0	0	0	0
882	8971	300	294	156	202	5	452	5	111	5	51	1
883	8976	935	936	72	21	1	63	1	10	1	0	0
884	8979	32	660	37	0	0	0	0	0	0	0	0
885	8984	860	524	190	0	0	0	0	0	0	0	0
886	8985	922	937	97	20	1	62	1	12	1	0	0
887	8986	934	592	114	0	0	0	0	0	0	0	0
888	8987	934	938	337	38	1	98	1	26	1	0	0
889	8988	731	939	47	56	1	124	1	24	1	0	0
890	8989	724	810	82	0	0	0	0	0	0	0	0
891	8990	810	940	225	40	1	105	1	17	1	51	1
892	8991	809	941	400	69	2	222	2	32	2	0	0
893	8992	712	942	124	61	2	159	2	35	2	0	0
894	8993	165	943	241	32	1	108	1	22	1	29	1
895	8994	943	944	172	30	1	114	1	18	1	51	1
896	8995	861	945	188	21	1	60	1	13	1	0	0
897	8996	205	936	640	153	3	469	3	84	3	40	1
898	8997	205	946	394	24	1	57	1	13	1	0	0
899	8998	886	947	194	0	0	0	0	0	0	0	0
900	8999	947	948	452	34	1	110	1	18	1	0	0
901	9000	947	949	158	44	1	95	1	23	1	0	0
902	9001	451	950	189	18	1	63	1	13	1	0	0
903	9002	333	951	619	0	0	0	0	0	0	0	0
904	9003	951	887	213	0	0	0	0	0	0	0	0
905	9004	951	952	194	34	1	108	1	20	1	51	1
906	9005	444	953	16	41	1	105	1	16	1	0	0
907	9006	616	954	53	36	1	104	1	22	1	0	0
908	9007	954	835	900	446	5	1151	5	291	5	51	1
909	9008	954	955	71	38	1	108	1	16	1	0	0
910	9009	440	956	38	42	1	130	1	32	1	0	0
911	9010	439	957	25	29	1	115	1	18	1	0	0
912	9015	888	958	93	23	1	61	1	10	1	0	0
913	9016	734	924	55	0	0	0	0	0	0	0	0
914	9021	878	959	595	43	1	128	1	33	1	0	0
915	9022	959	960	343	35	1	107	1	20	1	0	0
916	9024	715	961	77	80	1	224	1	36	1	0	0
917	9025	691	962	462	34	1	103	1	25	1	51	1
918	9044	117	928	214	0	0	0	0	0	0	0	0
919	9045	928	963	402	31	1	69	1	19	1	0	0
920	9046	302	217	155	0	0	0	0	0	0	0	0
921	9047	217	964	171	20	1	61	1	13	1	0	0
922	9048	719	965	178	36	1	110	1	16	1	0	0
923	9138	743	966	259	158	1	421	1	76	1	0	0
924	9139	943	751	107	49	1	128	1	27	1	0	0
925	9140	875	739	458	448	6	1175	6	239	6	70	2
926	9141	959	213	96	0	0	0	0	0	0	0	0
927	9143	719	967	90	32	1	104	1	26	1	0	0
928	9147	886	968	69	0	0	0	0	0	0	0	0
929	9148	968	451	30	0	0	0	0	0	0	0	0
930	9149	969	968	85	24	1	58	1	12	1	0	0
931	9152	17	698	241	43	1	98	1	21	1	0	0
932	9292	970	422	250	87	2	203	2	33	2	51	1
933	9312	782	971	96	0	0	0	0	0	0	0	0
934	9313	324	803	23	0	0	0	0	0	0	0	0
935	9314	803	30	125	128	3	287	3	70	3	51	1
936	9315	30	28	22	0	0	0	0	0	0	0	0
937	9316	28	27	29	0	0	0	0	0	0	0	0
938	9317	27	386	26	0	0	0	0	0	0	0	0
939	9318	19	322	151	110	3	249	3	58	3	51	1
940	9319	782	760	723	0	0	0	0	0	0	0	0
941	9320	659	377	197	0	0	0	0	0	0	0	0
942	9321	971	531	1166	339	4	683	4	160	4	51	1
943	9416	530	972	248	41	1	104	1	17	1	0	0
944	9417	527	528	518	320	1	796	1	194	1	51	1
945	9418	973	527	851	57	1	120	1	27	1	0	0
946	9419	533	786	106	157	2	454	2	69	2	0	0
947	9448	769	662	103	37	1	107	1	18	1	0	0
948	9449	662	377	93	0	0	0	0	0	0	0	0
949	9455	665	753	9	0	0	0	0	0	0	0	0
950	9479	757	278	114	0	0	0	0	0	0	0	0
951	9481	760	757	152	43	1	97	1	22	1	0	0
952	9482	280	762	176	24	1	56	1	14	1	51	1
953	9483	762	579	160	0	0	0	0	0	0	0	0
954	9484	767	765	110	0	0	0	0	0	0	0	0
955	9486	765	769	238	89	1	197	1	54	1	0	0
956	9492	528	771	475	0	0	0	0	0	0	0	0
957	9493	771	531	702	230	5	674	5	167	5	136	2
958	9535	63	826	188	35	1	103	1	24	1	0	0
959	9538	756	974	20	137	3	317	3	73	3	85	1
960	9622	612	975	48	0	0	0	0	0	0	0	0
961	9623	976	977	132	0	0	0	0	0	0	0	0
962	9624	978	149	296	0	0	0	0	0	0	0	0
963	9687	979	980	73	94	2	257	2	57	2	102	2
964	9688	85	981	222	0	0	0	0	0	0	0	0
965	9718	124	982	12	40	1	99	1	23	1	51	1
966	9719	122	983	33	39	1	98	1	25	1	51	1
967	9720	983	123	109	120	2	327	2	55	2	51	1
968	9738	984	50	658	126	2	324	2	52	2	0	0
969	9741	260	336	533	83	2	193	2	47	2	51	1
970	9752	134	985	578	76	2	173	2	32	2	91	2
971	9754	986	228	63	87	2	194	2	42	2	102	2
972	9755	986	987	114	169	4	395	4	82	4	153	3
973	9756	986	611	73	224	5	499	5	127	5	102	2
974	9760	125	593	177	0	0	0	0	0	0	0	0
975	9761	175	988	164	0	0	0	0	0	0	0	0
976	9767	494	53	20	0	0	0	0	0	0	0	0
977	9768	975	288	379	0	0	0	0	0	0	0	0
978	9769	989	599	43	38	1	100	1	24	1	51	1
979	9770	598	990	21	81	2	189	2	53	2	51	1
980	9771	86	991	655	50	1	121	1	33	1	51	1
981	9772	492	834	708	0	0	0	0	0	0	0	0
982	9802	229	52	702	0	0	0	0	0	0	0	0
983	9803	992	160	121	0	0	0	0	0	0	0	0
984	9826	993	994	75	986	3	2323	3	619	3	0	0
985	9827	995	290	66	124	3	324	3	79	3	102	2
986	9828	95	995	69	106	2	217	2	43	2	51	1
987	9829	995	996	222	806	15	1576	15	466	15	459	9
988	9830	997	622	492	88	2	186	2	49	2	0	0
989	9839	243	998	495	41	1	139	1	24	1	51	1
990	9840	999	1000	153	91	2	187	2	45	2	0	0
991	9841	1001	230	32	0	0	0	0	0	0	0	0
992	9843	168	1002	150	448	10	924	10	243	10	448	9
993	9844	1003	1004	56	157	4	416	4	73	4	204	4
994	9845	1005	1006	40	36	1	102	1	24	1	51	1
995	9846	120	1007	84	424	9	806	9	224	9	293	4
996	9847	1008	1009	64	0	0	0	0	0	0	0	0
997	9848	982	1010	476	0	0	0	0	0	0	0	0
998	9849	814	988	197	32	1	111	1	19	1	51	1
999	9850	983	988	82	44	1	129	1	31	1	0	0
1000	9851	1011	1012	29	82	2	191	2	50	2	102	2
1001	9852	1013	984	155	0	0	0	0	0	0	0	0
1002	9854	124	122	294	465	10	1015	10	178	10	408	8
1003	9855	1014	1015	117	55	1	128	1	21	1	40	1
1004	9862	1016	1017	213	19	1	66	1	9	1	29	1
1005	9863	467	1018	106	35	1	103	1	24	1	0	0
1006	9864	61	1019	369	0	0	0	0	0	0	0	0
1007	9865	1019	467	227	0	0	0	0	0	0	0	0
1008	9866	1005	113	27	38	1	99	1	25	1	51	1
1009	9867	121	1006	20	33	1	110	1	19	1	51	1
1010	9868	113	121	53	68	2	218	2	37	2	102	2
1011	9869	1012	48	77	178	4	379	4	89	4	102	2
1012	9870	118	1012	10	0	0	0	0	0	0	0	0
1013	9871	174	1014	61	123	3	269	3	67	3	102	2
1014	9872	1014	1008	137	491	5	1199	5	231	5	102	2
1015	9873	1008	594	82	174	4	392	4	80	4	102	2
1016	9874	120	41	10	0	0	0	0	0	0	0	0
1017	9875	993	596	511	0	0	0	0	0	0	0	0
1018	9876	993	617	229	0	0	0	0	0	0	0	0
1019	9877	617	610	3	0	0	0	0	0	0	0	0
1020	9878	168	141	258	262	7	726	7	143	7	204	4
1021	9879	142	977	259	136	3	272	3	77	3	102	2
1022	9880	141	1003	87	125	3	294	3	66	3	51	1
1023	9881	1003	142	23	0	0	0	0	0	0	0	0
1024	9882	997	187	504	39	1	104	1	19	1	51	1
1025	9883	237	981	69	34	1	108	1	20	1	51	1
1026	9884	981	502	291	152	5	498	5	90	5	0	0
1027	9885	979	238	33	41	1	95	1	26	1	40	1
1028	9886	95	96	16	0	0	0	0	0	0	0	0
1029	9887	100	1020	53	673	5	1467	5	266	5	331	3
1030	9888	1020	996	52	35	1	109	1	18	1	0	0
1031	9889	1021	271	606	183	2	434	2	106	2	51	1
1032	9890	240	1021	280	0	0	0	0	0	0	0	0
1033	9892	638	276	68	0	0	0	0	0	0	0	0
1034	9893	638	252	219	72	2	203	2	48	2	51	1
1035	9894	999	195	160	0	0	0	0	0	0	0	0
1036	9895	999	1022	69	0	0	0	0	0	0	0	0
1037	9897	194	334	34	0	0	0	0	0	0	0	0
1038	9898	589	192	365	70	2	215	2	38	2	0	0
1039	9900	1023	1024	128	36	1	100	1	26	1	51	1
1040	9901	1025	486	251	0	0	0	0	0	0	0	0
1041	9902	486	620	519	70	2	218	2	35	2	51	1
1042	9943	1026	1027	81	36	1	102	1	24	1	51	1
1043	9944	1028	1029	446	166	4	355	4	83	4	102	2
1044	9945	1028	1030	696	23	1	58	1	13	1	0	0
1045	9946	152	1031	572	145	2	323	2	76	2	0	0
1046	9947	1031	71	150	0	0	0	0	0	0	0	0
1047	9950	93	1032	71	34	1	103	1	25	1	0	0
1048	9952	1009	1033	229	157	1	343	1	61	1	51	1
1049	9953	1034	628	240	53	1	122	1	29	1	51	1
1050	9963	987	1035	25	85	2	202	2	36	2	102	2
1051	9964	1036	424	239	37	1	104	1	21	1	0	0
1052	9966	128	382	53	36	1	105	1	21	1	51	1
1053	9967	1037	128	134	42	1	95	1	25	1	51	1
1054	9980	625	1038	153	33	1	112	1	17	1	51	1
1055	9981	178	1039	110	0	0	0	0	0	0	0	0
1056	9982	1039	625	118	0	0	0	0	0	0	0	0
1057	9983	1039	1040	128	94	1	210	1	36	1	51	1
1058	9985	1041	81	331	44	1	97	1	21	1	51	1
1059	9987	80	1042	279	34	1	102	1	26	1	0	0
1060	9988	81	1043	213	0	0	0	0	0	0	0	0
1061	9989	1043	243	263	0	0	0	0	0	0	0	0
1062	9990	1043	1044	87	41	1	139	1	24	1	0	0
1063	9992	276	1045	701	0	0	0	0	0	0	0	0
1064	9993	1045	818	209	0	0	0	0	0	0	0	0
1065	9995	1046	1045	66	131	2	314	2	57	2	51	1
1066	9996	80	518	265	37	1	104	1	21	1	51	1
1067	9997	1047	517	191	21	1	60	1	13	1	0	0
1068	9998	517	515	37	0	0	0	0	0	0	0	0
1069	9999	515	90	348	76	2	207	2	40	2	51	1
1070	10000	197	1048	48	114	3	294	3	77	3	0	0
1071	10001	976	1049	169	66	2	207	2	50	2	102	2
1072	10002	110	494	72	0	0	0	0	0	0	0	0
1073	10004	428	1050	42	32	1	108	1	22	1	51	1
1074	10005	429	1051	22	55	1	117	1	32	1	0	0
1075	10006	51	427	162	34	1	104	1	24	1	51	1
1076	10007	597	1052	140	23	1	58	1	13	1	51	1
1077	10008	382	220	186	0	0	0	0	0	0	0	0
1078	10009	1053	220	250	43	1	96	1	23	1	0	0
1079	10010	288	991	96	0	0	0	0	0	0	0	0
1080	10011	991	1054	183	87	1	219	1	34	1	51	1
1081	10023	170	1055	452	482	11	1231	11	344	11	306	6
1082	10037	992	1056	371	41	1	99	1	22	1	0	0
1083	10038	156	1057	309	0	0	0	0	0	0	0	0
1084	10039	1057	992	44	0	0	0	0	0	0	0	0
1085	10040	1057	1058	143	45	1	132	1	27	1	51	1
1086	10041	176	1059	180	0	0	0	0	0	0	0	0
1087	10042	1060	1059	189	42	1	97	1	23	1	51	1
1088	10043	1059	54	49	0	0	0	0	0	0	0	0
1089	10044	1061	54	176	37	1	109	1	16	1	0	0
1090	10045	89	621	40	0	0	0	0	0	0	0	0
1091	10046	621	1062	159	32	1	105	1	25	1	51	1
1092	10047	89	1063	344	88	1	201	1	51	1	51	1
1093	10048	1063	997	517	52	1	130	1	22	1	0	0
1094	10049	1063	1064	218	43	1	102	1	17	1	51	1
1095	10050	622	514	26	0	0	0	0	0	0	0	0
1096	10051	514	1065	234	116	2	245	2	47	2	40	1
1097	10052	1065	92	183	0	0	0	0	0	0	0	0
1098	10053	1065	1066	260	79	2	210	2	34	2	51	1
1099	10075	998	1067	292	87	2	201	2	35	2	51	1
1100	10076	998	1068	18	0	0	0	0	0	0	0	0
1101	10077	1068	349	485	183	2	422	2	118	2	136	2
1102	10078	1068	1069	276	50	1	128	1	26	1	0	0
1103	10079	502	979	173	233	7	747	7	125	7	306	6
1104	10080	1070	1001	216	41	1	102	1	19	1	51	1
1105	10081	1071	1070	201	70	1	229	1	41	1	51	1
1106	10082	231	588	285	82	1	213	1	45	1	51	1
1107	10083	1072	231	104	55	1	122	1	27	1	51	1
1108	10084	1073	1074	270	35	1	103	1	24	1	51	1
1109	10085	519	1075	265	39	1	101	1	22	1	51	1
1110	10086	232	1070	494	37	1	104	1	21	1	51	1
1111	10088	351	1076	435	42	1	103	1	17	1	0	0
1112	10089	1074	1077	173	44	1	97	1	21	1	0	0
1113	10090	1077	519	200	0	0	0	0	0	0	0	0
1114	10091	1077	1078	182	34	1	108	1	20	1	0	0
1115	10092	91	1079	68	0	0	0	0	0	0	0	0
1116	10093	1079	1074	12	0	0	0	0	0	0	0	0
1117	10094	1079	1080	134	32	1	105	1	25	1	51	1
1118	10095	53	488	309	0	0	0	0	0	0	0	0
1119	10096	488	1081	446	0	0	0	0	0	0	0	0
1120	10097	1081	136	214	0	0	0	0	0	0	0	0
1121	10098	1081	1082	160	29	1	72	1	18	1	51	1
1122	10099	982	1083	315	152	4	407	4	87	4	153	3
1123	10100	1083	177	812	43	1	102	1	17	1	0	0
1124	10101	1083	1084	240	84	2	204	2	35	2	0	0
1125	10102	594	1016	148	71	2	203	2	49	2	102	2
1126	10103	1016	984	295	75	2	169	2	37	2	51	1
1127	10108	1019	1085	79	35	1	102	1	25	1	0	0
1128	10109	468	251	223	0	0	0	0	0	0	0	0
1129	10110	1086	468	220	43	1	141	1	20	1	0	0
1130	10112	50	1087	204	77	1	215	1	48	1	51	1
1131	10113	175	1005	131	0	0	0	0	0	0	0	0
1132	10114	611	1088	66	72	2	200	2	51	2	51	1
1133	10117	1089	1090	264	37	1	105	1	20	1	51	1
1134	10118	1091	1090	92	37	1	108	1	17	1	51	1
1135	10119	1092	1091	235	38	1	99	1	25	1	0	0
1136	10120	1090	1093	44	0	0	0	0	0	0	0	0
1137	10121	1093	125	543	135	3	420	3	108	3	153	3
1138	10122	1094	1093	251	113	2	244	2	51	2	51	1
1139	10123	187	520	806	0	0	0	0	0	0	0	0
1140	10124	520	1095	337	135	1	438	1	82	1	51	1
1141	10125	978	86	209	36	1	110	1	16	1	0	0
1142	10126	1096	1097	32	0	0	0	0	0	0	0	0
1143	10127	1096	1098	196	41	1	100	1	21	1	51	1
1144	10128	620	1099	446	0	0	0	0	0	0	0	0
1145	10129	1099	88	72	0	0	0	0	0	0	0	0
1146	10130	1099	1100	187	76	2	202	2	45	2	102	2
1147	10131	97	618	23	0	0	0	0	0	0	0	0
1148	10132	618	1101	60	96	2	232	2	38	2	51	1
1149	10133	188	1023	307	0	0	0	0	0	0	0	0
1150	10134	1023	1097	324	43	1	94	1	25	1	0	0
1151	10140	1025	1102	197	90	2	195	2	38	2	51	1
1152	10141	1102	1096	159	0	0	0	0	0	0	0	0
1153	10142	1102	1103	249	35	1	106	1	21	1	0	0
1154	10143	1104	258	233	0	0	0	0	0	0	0	0
1155	10144	1104	1105	240	33	1	107	1	22	1	0	0
1156	10151	1106	1104	364	0	0	0	0	0	0	0	0
1157	10152	1106	1107	259	33	1	106	1	23	1	0	0
1158	10153	46	1108	83	38	1	98	1	26	1	51	1
1159	10154	235	1106	81	0	0	0	0	0	0	0	0
1160	10155	235	1109	63	300	1	865	1	145	1	0	0
1161	10156	107	327	38	75	2	177	2	29	2	102	2
1162	10157	327	104	31	86	2	205	2	32	2	102	2
1163	10158	1022	1110	646	92	2	194	2	37	2	51	1
1164	10159	1110	186	999	0	0	0	0	0	0	0	0
1165	10160	1110	1111	243	42	1	94	1	26	1	0	0
1166	10161	1029	134	82	23	1	82	1	14	1	51	1
1167	10162	1029	1112	196	19	1	61	1	14	1	51	1
1168	10163	975	1113	426	0	0	0	0	0	0	0	0
1169	10164	1113	143	678	82	2	203	2	38	2	102	2
1170	10165	1113	1114	202	39	1	102	1	21	1	51	1
1171	10166	612	1115	174	19	1	63	1	12	1	0	0
1172	10168	977	1028	96	0	0	0	0	0	0	0	0
1173	10172	1031	1116	24	43	1	99	1	20	1	51	1
1174	10173	492	140	101	43	1	97	1	22	1	51	1
1175	10174	232	1117	135	216	2	499	2	101	2	0	0
1176	10175	1118	613	381	177	1	408	1	70	1	140	1
1177	10180	518	1119	124	37	1	99	1	26	1	85	1
1178	10181	51	1120	84	41	1	104	1	17	1	51	1
1179	10182	51	1121	124	33	1	109	1	20	1	0	0
1180	10183	1013	1122	335	31	1	105	1	26	1	0	0
1181	10184	1013	1123	245	20	1	60	1	14	1	51	1
1182	10185	978	1124	119	43	1	136	1	25	1	51	1
1183	10186	978	1125	196	128	1	368	1	65	1	51	1
1184	10187	1010	1026	154	38	1	106	1	18	1	51	1
1185	10199	344	182	68	43	1	95	1	24	1	0	0
1186	10675	640	647	253	79	2	201	2	43	2	51	1
1187	10676	823	654	158	0	0	0	0	0	0	0	0
1188	10677	654	66	356	178	3	393	3	92	3	51	1
1189	10678	647	1126	16	0	0	0	0	0	0	0	0
1190	10679	1126	1127	302	90	2	200	2	33	2	0	0
1191	10680	817	1128	110	160	5	413	5	99	5	153	3
1192	10688	817	1129	221	162	4	351	4	65	4	91	2
1193	10691	469	642	142	34	1	109	1	19	1	51	1
1194	10692	642	266	145	0	0	0	0	0	0	0	0
1195	10802	565	508	8	0	0	0	0	0	0	0	0
1196	10803	508	567	18	0	0	0	0	0	0	0	0
1197	10805	1130	506	48	0	0	0	0	0	0	0	0
1198	10807	565	1130	178	0	0	0	0	0	0	0	0
1199	10813	464	481	11	0	0	0	0	0	0	0	0
1200	-3	707	723	1	0	0	0	0	0	0	0	0
1201	-4	54	426	75	0	0	0	0	0	0	0	0
1202	-6	103	230	640	0	0	0	0	0	0	0	0
1203	-7	203	205	231	0	0	0	0	0	0	0	0
1204	-10	260	466	636	0	0	0	0	0	0	0	0
1205	-12	320	319	535	0	0	0	0	0	0	0	0
1206	-14	232	334	733	0	0	0	0	0	0	0	0
1207	-15	467	468	278	0	0	0	0	0	0	0	0
1208	-17	509	510	190	0	0	0	0	0	0	0	0
1209	-18	408	522	550	0	0	0	0	0	0	0	0
1210	-19	65	640	937	0	0	0	0	0	0	0	0
1211	-20	674	826	161	0	0	0	0	0	0	0	0
1212	-22	694	509	499	0	0	0	0	0	0	0	0
1213	-27	789	799	51	0	0	0	0	0	0	0	0
1214	-29	715	790	647	0	0	0	0	0	0	0	0
1215	-31	87	561	184	0	0	0	0	0	0	0	0
1216	-32	814	123	204	0	0	0	0	0	0	0	0
1217	-33	1130	508	182	0	0	0	0	0	0	0	0
1218	2570	1131	385	135	135	3	281	3	69	3	0	0
1219	-34	384	385	2	0	0	0	0	0	0	0	0
1220	-35	384	1131	1	0	0	0	0	0	0	0	0
END
-----------------------------------------
InputUsedToGenerateTheGraph:
County:	SkanderborgOdder
CenterNodeId:	1416
Radius:	7600
HouseTypes:	Normal	Summer	Apartment
NumberOfWasteFractions: 2
IntervalsForWasteFraction:	general	2.333333	3.5	7.0	14.0	28.0
IntervalsForWasteFraction:	paper	28.0	56.0
-----------------------------------------


