ProblemType:	MC-CARP
NumberNodes:	930
NumberEdges:	1040
DepotNodeNumber:	88
NumberOfFractions:	4
NumberOfIntervalsForFraction	Paper	1	14
NumberOfIntervalsForFraction	Glass	1	14
NumberOfIntervalsForFraction	Plastic	1	14
NumberOfIntervalsForFraction	Metal	1	14
GRAPH
EdgeNumber	EdgeId	StartNodeNumber	EndNodeNumber	Cost	Demand_0	Bins_0
	Demand_1	Bins_1
	Demand_2	Bins_2
	Demand_3	Bins_3
START
0	29	0	1	109	306	3	11	3	95	3	29	3
1	30	1	2	62	161	2	3	2	26	2	10	2
2	33	3	4	94	102	1	6	2	54	2	17	2
3	35	5	6	277	0	0	0	0	0	0	0	0
4	36	5	7	113	0	0	0	0	0	0	0	0
5	138	8	9	22	510	2	41	17	369	17	111	17
6	141	10	11	241	102	1	3	1	26	1	12	1
7	142	11	12	18	0	0	0	0	0	0	0	0
8	143	13	14	119	0	0	0	0	0	0	0	0
9	146	15	16	65	518	4	17	7	160	7	53	7
10	147	17	18	27	102	1	7	1	42	1	21	1
11	148	18	19	10	0	0	0	0	0	0	0	0
12	149	20	21	10	0	0	1	1	12	1	5	1
13	154	22	23	39	612	3	62	4	342	4	177	4
14	155	24	25	10	0	0	3	2	33	2	12	2
15	156	25	26	37	765	3	1	1	14	1	5	1
16	164	16	27	30	0	0	3	2	35	2	12	2
17	165	27	28	17	0	0	3	2	26	2	10	2
18	166	29	30	98	467	5	41	7	288	7	111	7
19	167	30	31	19	0	0	0	0	0	0	0	0
20	168	32	33	12	0	0	0	0	0	0	0	0
21	169	33	34	33	102	1	3	1	27	1	13	1
22	172	35	36	131	629	7	40	7	264	7	110	7
23	173	36	37	9	0	0	0	0	0	0	0	0
24	174	37	38	16	102	1	3	1	38	1	11	1
25	175	38	39	77	1181	12	72	12	650	12	209	12
26	182	41	42	233	0	0	0	0	0	0	0	0
27	183	43	44	87	0	0	0	0	0	0	0	0
28	184	44	45	950	918	9	32	11	270	11	92	11
29	200	46	47	143	850	10	42	10	345	10	114	10
30	302	24	48	64	102	1	72	3	563	3	206	3
31	303	49	50	6	0	0	0	0	0	0	0	0
32	304	50	51	9	0	0	3	2	35	2	12	2
33	305	9	52	48	510	2	7	4	66	4	24	4
34	306	52	19	24	0	0	8	4	74	4	23	4
35	307	53	54	7	0	0	0	0	0	0	0	0
36	308	54	55	32	0	0	3	2	24	2	10	2
37	309	55	56	6	0	0	0	0	0	0	0	0
38	310	56	20	34	0	0	10	5	63	5	30	5
39	311	57	58	226	0	0	0	0	0	0	0	0
40	312	58	59	172	612	2	11	2	119	2	39	2
41	334	61	62	62	0	0	0	0	0	0	0	0
42	335	62	63	239	102	1	3	1	26	1	12	1
43	336	64	65	624	0	0	0	0	0	0	0	0
44	338	48	66	17	255	1	14	1	139	1	38	1
45	339	66	22	54	612	3	41	4	373	4	118	4
46	343	67	68	83	0	0	0	0	0	0	0	0
47	431	69	70	291	204	2	8	2	77	2	26	2
48	474	73	74	186	0	0	0	0	0	0	0	0
49	475	75	76	17	0	0	0	0	0	0	0	0
50	486	73	77	91	0	0	1	1	17	1	5	1
51	487	78	79	4	0	0	0	0	0	0	0	0
52	488	79	73	233	102	1	1	1	17	1	5	1
53	489	76	80	88	102	1	3	1	30	1	11	1
54	490	76	81	101	0	0	0	0	0	0	0	0
55	491	81	82	170	102	1	3	1	40	1	13	1
56	493	83	84	74	102	1	3	1	39	1	13	1
57	494	85	86	91	102	1	1	1	16	1	5	1
58	495	85	87	255	102	1	3	1	26	1	13	1
59	496	88	89	385	204	2	3	2	28	2	11	2
60	497	90	91	97	102	1	8	1	78	1	28	1
61	498	92	93	86	102	1	3	1	38	1	11	1
62	500	94	95	95	102	1	1	1	18	1	5	1
63	502	41	96	83	102	1	3	1	29	1	13	1
64	518	97	98	183	204	2	6	2	43	2	21	2
65	527	40	99	94	102	1	3	1	31	1	11	1
66	541	100	101	182	0	0	0	0	0	0	0	0
67	688	102	103	131	102	1	3	1	35	1	11	1
68	737	104	105	52	102	1	3	1	29	1	13	1
69	772	106	107	29	0	0	0	0	0	0	0	0
70	773	108	109	4	0	0	0	0	0	0	0	0
71	774	109	110	80	263	3	11	3	79	3	32	3
72	775	111	112	76	102	1	1	1	15	1	7	1
73	776	112	113	68	306	3	9	3	56	3	28	3
74	777	114	115	75	161	2	6	2	50	2	17	2
75	778	116	117	3	765	3	12	3	72	3	38	3
76	779	117	118	32	0	0	8	2	71	2	21	2
77	780	118	119	108	408	4	13	4	127	4	38	4
78	794	120	121	134	204	2	10	3	61	3	32	3
79	820	3	122	125	102	1	3	1	39	1	11	1
80	821	122	102	116	0	0	0	0	0	0	0	0
81	845	123	83	708	0	0	0	0	0	0	0	0
82	846	83	124	166	0	0	0	0	0	0	0	0
83	849	125	126	85	0	0	0	0	0	0	0	0
84	851	81	127	77	102	1	1	1	16	1	4	1
85	852	126	128	116	0	0	0	0	0	0	0	0
86	853	129	130	48	102	1	5	2	44	2	18	2
87	854	130	131	318	0	0	0	0	0	0	0	0
88	872	132	94	80	0	0	0	0	0	0	0	0
89	873	94	41	32	0	0	0	0	0	0	0	0
90	953	133	134	30	102	1	8	1	79	1	24	1
91	954	135	136	716	102	1	0	0	0	0	0	0
92	955	130	137	38	102	1	8	1	79	1	26	1
93	957	138	139	12	0	0	1	1	14	1	5	1
94	973	72	140	153	255	1	28	3	203	3	82	3
95	974	141	142	33	102	1	3	1	41	1	13	1
96	1008	143	144	122	102	1	8	1	57	1	28	1
97	1009	145	146	38	102	1	3	1	25	1	12	1
98	1010	126	147	42	102	1	1	1	14	1	5	1
99	1011	128	148	107	102	1	8	1	71	1	27	1
100	1012	149	150	63	102	1	3	1	30	1	13	1
101	1013	44	151	137	102	1	1	1	12	1	5	1
102	1047	152	145	54	161	2	6	2	50	2	17	2
103	1075	153	154	256	1241	13	45	13	363	13	127	13
104	1076	155	106	33	161	2	3	2	28	2	10	2
105	1106	156	157	34	102	1	3	1	27	1	12	1
106	1107	157	158	120	306	3	5	3	37	3	16	3
107	1120	159	10	149	102	1	3	1	33	1	13	1
108	1254	160	161	19	102	1	3	1	38	1	11	1
109	1266	162	163	85	59	1	1	1	16	1	5	1
110	1267	163	164	35	0	0	0	0	0	0	0	0
111	1272	165	166	79	0	0	0	0	0	0	0	0
112	1500	167	168	511	0	0	0	0	0	0	0	0
113	1559	169	170	81	102	1	1	1	13	1	5	1
114	1560	170	171	130	119	2	6	2	45	2	21	2
115	1564	172	173	78	204	2	6	2	45	2	20	2
116	1565	173	63	113	0	0	0	0	0	0	0	0
117	1569	164	174	1362	0	0	0	0	0	0	0	0
118	1575	175	176	104	102	1	9	2	73	2	28	2
119	1578	177	178	1617	0	0	0	0	0	0	0	0
120	1585	179	180	185	0	0	0	0	0	0	0	0
121	1586	180	161	53	0	0	0	0	0	0	0	0
122	1591	181	182	641	0	0	0	0	0	0	0	0
123	1605	167	183	137	204	2	3	2	26	2	12	2
124	1607	184	185	320	0	0	0	0	0	0	0	0
125	1608	184	186	198	59	1	1	1	16	1	5	1
126	1646	187	188	590	102	1	3	1	33	1	12	1
127	1647	188	189	207	0	0	0	0	0	0	0	0
128	1648	188	190	463	0	0	4	1	35	1	16	1
129	1649	191	192	65	204	2	6	2	52	2	20	2
130	1650	191	193	70	161	2	9	2	69	2	29	2
131	1651	194	195	36	0	0	0	0	0	0	0	0
132	1652	194	196	114	102	1	3	1	41	1	12	1
133	1667	197	182	577	0	0	0	0	0	0	0	0
134	1668	182	165	201	0	0	0	0	0	0	0	0
135	1732	198	199	431	569	6	20	6	172	6	62	6
136	1744	200	201	179	0	0	0	0	0	0	0	0
137	1769	202	203	51	408	4	8	4	50	4	25	4
138	1780	204	205	64	102	1	8	1	50	1	28	1
139	1781	205	104	61	484	6	22	6	151	6	67	6
140	1790	206	5	51	0	0	0	0	0	0	0	0
141	1791	207	206	73	0	0	0	0	0	0	0	0
142	1796	208	172	103	102	1	1	1	22	1	6	1
143	1868	209	60	302	0	0	0	0	0	0	0	0
144	1869	210	211	37	102	1	3	1	31	1	12	1
145	1870	211	212	76	323	4	11	4	101	4	31	4
146	1871	211	213	32	238	4	8	4	65	4	22	4
147	1886	214	215	132	102	1	0	0	0	0	0	0
148	1887	74	216	85	0	0	0	0	0	0	0	0
149	1888	74	217	169	119	2	8	2	74	2	27	2
150	1889	61	218	655	306	3	15	3	88	3	48	3
151	1891	219	220	20	0	0	0	0	0	0	0	0
152	1892	219	221	11	0	0	0	0	0	0	0	0
153	1893	219	222	111	102	1	3	1	26	1	12	1
154	1909	223	224	138	0	0	3	1	26	1	11	1
155	1910	225	226	44	204	2	9	2	70	2	28	2
156	1960	227	175	130	833	9	31	10	200	10	89	10
157	1961	175	228	93	306	3	6	3	56	3	17	3
158	1964	207	229	105	323	4	21	4	154	4	57	4
159	1965	206	230	111	238	4	12	4	97	4	35	4
160	2042	231	101	366	0	0	0	0	0	0	0	0
161	2043	101	232	276	0	0	0	0	0	0	0	0
162	2044	233	132	366	161	2	6	2	40	2	20	2
163	2045	198	143	31	0	0	0	0	0	0	0	0
164	2046	143	184	736	306	3	13	3	117	3	41	3
165	2047	234	138	13	0	0	0	0	0	0	0	0
166	2048	138	235	63	0	0	0	0	0	0	0	0
167	2052	235	191	16	0	0	0	0	0	0	0	0
168	2076	236	92	122	102	1	4	2	34	2	14	2
169	2077	92	237	65	306	3	10	4	93	4	31	4
170	2078	238	239	53	102	1	1	1	16	1	5	1
171	2079	240	90	242	1054	12	48	12	296	12	153	12
172	2080	90	241	34	0	0	0	0	0	0	0	0
173	2081	235	242	43	102	1	3	1	33	1	11	1
174	2082	43	149	84	0	0	0	0	0	0	0	0
175	2083	149	243	50	0	0	0	0	0	0	0	0
176	2102	244	245	80	59	1	1	1	11	1	5	1
177	2109	246	247	49	306	3	13	4	114	4	37	4
178	2112	248	249	56	204	2	15	3	120	3	40	3
179	2122	250	251	49	0	0	0	0	0	0	0	0
180	2127	43	252	59	204	2	6	2	40	2	19	2
181	2165	253	254	33	255	1	3	1	26	1	11	1
182	2166	255	256	288	102	1	3	1	41	1	11	1
183	2186	257	258	193	102	1	3	1	34	1	13	1
184	2191	259	167	101	102	1	3	1	29	1	13	1
185	2199	141	256	196	0	0	0	0	0	0	0	0
186	2200	256	64	11	0	0	0	0	0	0	0	0
187	2217	260	261	41	102	1	3	1	25	1	12	1
188	2218	262	263	51	204	2	8	2	53	2	26	2
189	2220	164	264	1375	0	0	0	0	0	0	0	0
190	2223	265	266	123	59	1	1	1	12	1	5	1
191	2229	267	268	11	161	2	6	2	52	2	19	2
192	2237	1	269	272	59	1	1	1	13	1	5	1
193	2349	270	165	98	102	1	1	1	22	1	7	1
194	2359	271	272	186	0	0	0	0	0	0	0	0
195	2360	273	85	308	0	0	0	0	0	0	0	0
196	2361	88	274	93	0	0	0	0	0	0	0	0
197	2362	97	275	155	102	1	3	1	33	1	13	1
198	2363	276	277	50	161	2	14	2	137	2	46	2
199	2413	278	279	19	204	2	5	2	57	2	16	2
200	2414	241	280	58	365	4	13	4	118	4	38	4
201	2415	281	282	29	161	2	3	2	27	2	11	2
202	2416	281	283	117	646	8	30	8	234	8	78	8
203	2417	241	284	68	365	4	20	4	168	4	65	4
204	2418	285	179	372	102	1	3	1	38	1	13	1
205	2419	180	277	38	0	0	0	0	0	0	0	0
206	2420	277	286	44	0	0	0	0	0	0	0	0
207	2421	287	288	726	1037	11	32	11	229	11	102	11
208	2422	288	286	264	773	8	38	9	322	9	93	9
209	2423	286	160	26	204	2	6	2	53	2	19	2
210	2424	289	290	76	204	2	8	2	58	2	25	2
211	2425	287	291	76	0	0	0	0	0	0	0	0
212	2436	292	293	435	0	0	0	0	0	0	0	0
213	2438	292	294	959	221	3	6	3	59	3	18	3
214	2439	295	296	266	408	4	16	4	132	4	43	4
215	2440	297	293	676	0	0	0	0	0	0	0	0
216	2441	298	296	91	0	0	3	1	28	1	11	1
217	2443	299	300	47	425	5	19	5	109	5	57	5
218	2444	301	302	52	510	5	20	5	187	5	66	5
219	2445	303	304	33	365	4	10	4	67	4	31	4
220	2446	303	305	72	408	4	16	4	96	4	46	4
221	2447	301	306	71	408	4	13	4	80	4	37	4
222	2448	307	299	20	102	1	3	1	26	1	13	1
223	2449	308	309	112	102	1	1	1	12	1	5	1
224	2450	309	310	477	0	0	0	0	0	0	0	0
225	2451	307	306	70	0	0	0	0	0	0	0	0
226	2452	309	294	454	102	1	1	1	12	1	5	1
227	2453	45	310	73	0	0	0	0	0	0	0	0
228	2480	311	273	695	0	0	0	0	0	0	0	0
229	2482	273	308	27	102	1	1	1	12	1	5	1
230	2483	312	288	996	0	0	0	0	0	0	0	0
231	2484	312	313	463	102	1	1	1	16	1	4	1
232	2485	285	314	425	59	1	3	1	28	1	12	1
233	2486	315	316	149	0	0	0	0	0	0	0	0
234	2487	317	318	545	0	0	0	0	0	0	0	0
235	2488	318	319	193	0	0	0	0	0	0	0	0
236	2489	319	316	60	0	0	0	0	0	0	0	0
237	2490	316	320	169	0	0	0	0	0	0	0	0
238	2491	319	258	833	0	0	0	0	0	0	0	0
239	2492	315	318	224	59	1	4	1	41	1	13	1
240	2496	317	321	778	204	2	6	3	41	3	19	3
241	2812	322	323	35	102	1	1	1	16	1	5	1
242	2813	324	325	36	671	7	19	7	133	7	52	7
243	2814	325	326	39	527	6	32	7	184	7	95	7
244	2817	327	328	35	306	3	8	3	62	3	22	3
245	2818	329	330	55	612	6	22	6	201	6	67	6
246	2819	331	332	54	425	5	27	5	194	5	82	5
247	2820	333	334	130	1122	11	51	11	337	11	135	11
248	2821	335	336	117	977	10	51	10	450	10	161	10
249	2822	337	338	116	586	7	23	7	170	7	68	7
250	2823	339	340	98	102	1	3	1	30	1	11	1
251	2824	195	231	517	0	0	0	0	0	0	0	0
252	2825	232	341	94	0	0	0	0	0	0	0	0
253	2826	341	265	399	0	0	0	0	0	0	0	0
254	2828	342	343	73	612	6	26	6	187	6	78	6
255	2829	339	120	51	0	0	0	0	0	0	0	0
256	2830	344	345	93	0	0	0	0	0	0	0	0
257	2831	345	346	85	0	0	6	2	38	2	19	2
258	2862	347	348	418	0	0	0	0	0	0	0	0
259	2863	70	349	140	671	7	25	7	189	7	76	7
260	2866	69	3	98	0	0	0	0	0	0	0	0
261	2867	350	69	454	204	2	8	2	75	2	28	2
262	2901	351	352	99	102	1	8	1	80	1	27	1
263	2902	353	351	84	102	1	8	1	78	1	28	1
264	2903	354	169	419	0	0	0	0	0	0	0	0
265	2904	169	355	51	0	0	0	0	0	0	0	0
266	2966	323	200	232	102	1	4	1	38	1	13	1
267	2967	356	357	120	663	5	28	6	185	6	87	6
268	2968	358	359	102	357	2	16	2	136	2	52	2
269	2972	360	322	53	0	0	0	0	0	0	0	0
270	2973	357	359	114	59	1	3	1	29	1	11	1
271	2978	361	362	36	0	0	0	0	0	0	0	0
272	2979	363	364	117	306	3	11	3	77	3	31	3
273	2980	365	366	115	408	4	14	4	103	4	36	4
274	2981	367	368	123	892	10	35	10	274	10	99	10
275	2982	369	370	103	161	2	6	2	55	2	22	2
276	2983	371	372	40	263	3	10	3	101	3	34	3
277	2984	373	374	59	306	3	17	3	148	3	52	3
278	2985	375	374	63	527	6	24	6	156	6	61	6
279	2986	376	377	161	306	3	116	5	786	5	306	5
280	2987	378	379	97	773	8	31	8	265	8	90	8
281	2988	340	380	303	0	0	0	0	0	0	0	0
282	2989	369	341	81	102	1	3	1	25	1	12	1
283	2990	381	382	65	263	3	8	4	47	4	21	4
284	2998	336	383	51	365	4	14	4	103	4	37	4
285	2999	384	385	92	408	4	20	5	170	5	56	5
286	3000	228	386	24	0	0	0	0	0	0	0	0
287	3001	384	195	37	0	0	0	0	0	0	0	0
288	3002	387	388	237	1317	15	63	15	417	15	193	15
289	3003	389	390	170	1181	12	49	11	369	11	146	11
290	3004	390	391	26	102	1	3	1	35	1	12	1
291	3005	391	202	112	569	6	26	7	153	7	83	7
292	3006	202	392	97	323	4	15	5	107	5	42	5
293	3007	393	68	64	510	5	19	5	166	5	59	5
294	3008	394	368	107	1232	11	48	11	418	11	121	11
295	3009	368	395	61	408	4	22	5	177	5	58	5
296	3010	366	396	21	255	1	11	1	98	1	34	1
297	3011	358	356	87	561	4	34	6	271	6	105	6
298	3012	360	397	8	0	0	0	0	0	0	0	0
299	3013	397	398	91	467	5	34	5	282	5	84	5
300	3014	399	376	74	102	1	3	1	25	1	13	1
301	3015	376	238	85	323	4	26	5	207	5	71	5
302	3016	238	392	76	408	4	12	4	108	4	34	4
303	3017	392	388	68	263	3	11	3	90	3	33	3
304	3018	400	401	26	0	0	0	0	0	0	0	0
305	3019	391	402	86	306	3	6	3	43	3	19	3
306	3020	403	401	76	306	3	9	3	72	3	28	3
307	3021	401	381	16	0	0	0	0	0	0	0	0
308	3022	370	232	74	102	1	1	1	12	1	5	1
309	3023	404	405	28	102	1	4	1	42	1	15	1
310	3024	405	390	99	102	1	11	3	82	3	33	3
311	3025	405	337	213	510	5	21	6	137	6	66	6
312	3026	337	325	36	0	0	0	0	0	0	0	0
313	3027	325	406	109	221	3	12	3	82	3	34	3
314	3028	406	407	72	306	3	5	3	48	3	17	3
315	3029	407	408	170	255	1	48	2	258	2	119	2
316	3030	408	409	11	0	0	0	0	0	0	0	0
317	3031	409	410	124	0	0	120	5	821	5	338	5
318	3032	410	227	158	629	7	22	7	213	7	69	7
319	3033	227	393	217	773	8	25	9	210	9	68	9
320	3034	404	340	263	365	4	25	6	222	6	65	6
321	3039	346	411	125	0	0	0	0	0	0	0	0
322	3040	412	344	26	102	1	3	1	38	1	12	1
323	3041	344	380	67	0	0	0	0	0	0	0	0
324	3043	265	413	313	0	0	0	0	0	0	0	0
325	3044	345	414	64	510	2	1	1	22	1	7	1
326	3046	413	415	91	0	0	0	0	0	0	0	0
327	3047	415	416	115	0	0	0	0	0	0	0	0
328	3048	416	417	80	0	0	0	0	0	0	0	0
329	3049	417	418	433	102	1	3	2	27	2	12	2
330	3050	419	420	732	204	2	6	2	47	2	16	2
331	3051	415	421	223	0	0	0	0	0	0	0	0
332	3052	417	422	228	0	0	0	0	0	0	0	0
333	3053	419	423	307	59	1	1	1	16	1	5	1
334	3070	424	425	142	0	0	0	0	0	0	0	0
335	3275	426	427	23	102	1	5	2	57	2	16	2
336	3276	428	429	23	161	2	6	2	52	2	19	2
337	3277	430	431	30	102	1	1	1	16	1	5	1
338	3278	402	432	25	204	2	13	2	80	2	39	2
339	3279	433	434	21	510	2	71	3	506	3	191	3
340	3281	435	436	19	102	1	8	1	65	1	26	1
341	3282	437	438	25	0	0	12	3	84	3	38	3
342	3290	339	439	86	323	4	8	4	49	4	22	4
343	3291	439	440	55	204	2	11	2	64	2	31	2
344	3311	441	442	131	204	2	3	2	37	2	12	2
345	3312	443	395	34	0	0	8	1	50	1	25	1
346	3313	444	445	61	0	0	0	0	0	0	0	0
347	3389	446	447	154	510	5	19	5	143	5	56	5
348	3390	447	448	10	0	0	0	0	0	0	0	0
349	3446	449	166	105	0	0	0	0	0	0	0	0
350	3447	166	450	593	365	4	11	4	76	4	30	4
351	3452	451	452	13	0	0	0	0	0	0	0	0
352	3453	442	453	512	0	0	0	0	0	0	0	0
353	3454	454	453	342	0	0	0	0	0	0	0	0
354	3455	448	455	533	59	1	1	1	14	1	7	1
355	3456	455	456	97	59	1	1	1	18	1	4	1
356	3457	457	458	50	204	2	8	3	79	3	24	3
357	3458	459	460	20	0	0	0	0	0	0	0	0
358	3459	461	462	152	0	0	0	0	0	0	0	0
359	3461	462	463	285	671	7	32	7	190	7	87	7
360	3462	464	289	23	59	1	3	1	34	1	13	1
361	3475	232	465	643	306	3	12	3	120	3	34	3
362	3476	422	424	238	102	1	3	1	38	1	12	1
363	3477	422	421	230	0	0	0	0	0	0	0	0
364	3495	411	466	37	0	0	1	1	22	1	6	1
365	3497	467	468	103	204	2	6	2	37	2	17	2
366	3498	428	430	43	0	0	0	0	0	0	0	0
367	3499	430	6	155	161	2	4	2	26	2	14	2
368	3500	402	403	59	263	3	13	3	105	3	39	3
369	3501	469	470	33	306	3	13	3	77	3	38	3
370	3502	470	228	70	408	4	24	5	197	5	70	5
371	3503	444	364	7	0	0	0	0	0	0	0	0
372	3504	364	445	14	0	0	0	0	0	0	0	0
373	3505	445	358	14	102	1	3	1	26	1	13	1
374	3506	395	366	34	714	4	31	4	278	4	80	4
375	3507	396	444	25	102	1	13	2	80	2	40	2
376	3508	356	471	3	0	0	0	0	0	0	0	0
377	3509	471	472	32	221	3	10	4	66	4	35	4
378	3510	472	360	32	102	1	14	2	111	2	41	2
379	3511	398	435	31	0	0	0	0	0	0	0	0
380	3512	435	437	45	357	2	19	2	161	2	54	2
381	3513	68	426	3	0	0	0	0	0	0	0	0
382	3514	426	394	80	408	4	20	6	148	6	58	6
383	3515	473	474	80	680	6	37	7	341	7	105	7
384	3517	475	362	75	255	1	30	5	233	5	91	5
385	3522	476	477	305	0	0	0	0	0	0	0	0
386	3523	477	454	250	161	2	3	2	23	2	12	2
387	3524	477	478	112	102	1	1	1	17	1	5	1
388	3527	479	258	336	102	1	5	2	39	2	16	2
389	3529	291	480	153	0	0	0	0	0	0	0	0
390	3530	480	481	84	102	1	3	1	27	1	13	1
391	3531	451	482	608	306	3	5	3	41	3	17	3
392	3532	482	461	498	0	0	1	1	16	1	5	1
393	3533	482	483	217	102	1	8	1	63	1	25	1
394	3534	185	311	111	0	0	0	0	0	0	0	0
395	3536	311	484	222	102	1	1	1	14	1	4	1
396	3553	321	485	249	204	2	3	1	39	1	11	1
397	3554	485	486	205	102	1	7	1	49	1	23	1
398	3555	485	487	138	59	1	1	1	15	1	5	1
399	3609	488	250	51	102	1	4	2	27	2	14	2
400	3610	251	489	53	204	2	12	2	116	2	42	2
401	3611	490	491	100	102	1	1	1	12	1	5	1
402	3612	491	492	88	59	1	1	1	17	1	5	1
403	3613	154	493	117	527	6	17	6	134	6	45	6
404	3614	493	494	138	918	9	39	10	288	10	108	10
405	3615	495	496	131	850	10	35	10	239	10	87	10
406	3616	497	498	80	365	4	25	4	172	4	68	4
407	3617	498	499	79	306	3	11	3	86	3	34	3
408	3618	499	500	85	408	4	15	4	90	4	45	4
409	3619	500	501	96	263	3	11	3	81	3	28	3
410	3621	502	503	135	875	9	31	9	195	9	86	9
411	3622	504	497	51	102	1	3	1	26	1	12	1
412	3623	497	505	108	408	4	10	4	89	4	30	4
413	3625	291	456	495	0	0	0	0	0	0	0	0
414	3626	307	506	580	204	2	6	2	50	2	19	2
415	3628	450	507	780	59	1	3	1	28	1	11	1
416	3629	465	425	681	102	1	1	1	15	1	7	1
417	3630	413	421	272	204	2	12	2	97	2	41	2
418	3647	297	292	453	102	1	3	1	31	1	12	1
419	3648	289	278	210	688	8	37	8	320	8	96	8
420	3656	508	509	405	204	2	8	2	83	2	24	2
421	3657	243	42	282	263	3	10	4	92	4	31	4
422	3704	510	511	52	0	0	0	0	0	0	0	0
423	3705	512	513	1228	102	1	1	1	11	1	5	1
424	3706	510	513	124	161	2	3	2	33	2	10	2
425	3719	423	425	583	0	0	0	0	0	0	0	0
426	3733	514	515	9	0	0	0	0	0	0	0	0
427	3734	516	517	246	0	0	0	0	0	0	0	0
428	3761	518	253	339	0	0	0	0	0	0	0	0
429	3772	197	450	439	0	0	0	0	0	0	0	0
430	3786	520	521	1765	0	0	0	0	0	0	0	0
431	3787	442	459	842	0	0	0	0	0	0	0	0
432	3792	522	523	34	0	0	0	0	0	0	0	0
433	3793	523	524	371	102	1	8	1	83	1	26	1
434	3794	524	525	226	0	0	0	0	0	0	0	0
435	3795	162	526	652	0	0	0	0	0	0	0	0
436	3796	525	527	40	59	1	3	1	33	1	11	1
437	3797	527	244	17	0	0	0	0	0	0	0	0
438	3798	244	528	49	161	2	8	2	61	2	27	2
439	3799	528	153	9	0	0	0	0	0	0	0	0
440	3800	153	529	40	102	1	3	1	27	1	13	1
441	3801	530	531	133	59	1	9	3	84	3	30	3
442	3802	531	532	154	102	1	3	1	38	1	13	1
443	3803	532	533	82	102	1	1	1	15	1	6	1
444	3804	131	210	141	0	0	0	0	0	0	0	0
445	3805	534	49	35	0	0	3	2	28	2	10	2
446	3806	534	535	41	102	1	3	1	40	1	12	1
447	3807	535	155	68	161	2	8	2	60	2	23	2
448	3808	107	536	38	102	1	3	1	35	1	10	1
449	3809	536	537	32	102	1	1	1	20	1	6	1
450	3810	537	538	102	569	6	17	7	105	7	51	7
451	3811	212	539	65	161	2	11	2	80	2	29	2
452	3813	225	490	161	204	2	6	2	56	2	18	2
453	3814	501	540	21	102	1	8	2	56	2	24	2
454	3815	541	542	76	365	4	20	4	154	4	59	4
455	3816	542	493	90	221	3	16	3	140	3	43	3
456	3817	493	495	94	510	5	13	5	79	5	37	5
457	3818	495	492	93	459	7	15	7	119	7	40	7
458	3819	492	499	117	323	4	12	4	101	4	34	4
459	3820	499	488	118	408	4	16	4	100	4	49	4
460	3821	543	544	55	204	2	6	2	59	2	18	2
461	3822	545	115	61	306	3	17	3	102	3	47	3
462	3828	546	498	49	59	1	8	1	66	1	27	1
463	3829	498	547	111	365	4	14	4	93	4	36	4
464	3830	548	549	111	833	9	41	11	258	11	120	11
465	3831	500	491	141	629	7	29	7	200	7	86	7
466	3832	491	154	191	1300	11	68	11	552	11	170	11
467	3833	550	496	27	263	3	13	3	113	3	42	3
468	3834	107	551	43	102	1	1	1	13	1	4	1
469	3835	551	552	21	306	3	13	3	109	3	35	3
470	3836	551	553	103	569	6	27	6	163	6	80	6
471	3837	536	554	67	510	5	27	5	179	5	79	5
472	3838	555	535	38	408	4	16	4	138	4	47	4
473	3839	556	155	39	306	3	5	3	53	3	18	3
474	3840	557	546	22	102	1	3	1	29	1	11	1
475	3841	212	558	27	102	1	3	1	27	1	13	1
476	3842	558	559	63	204	2	4	2	41	2	12	2
477	3843	559	560	106	510	5	21	5	132	5	66	5
478	3844	561	558	41	408	4	14	4	116	4	48	4
479	3845	562	563	54	306	3	10	3	71	3	31	3
480	3846	542	562	78	306	3	8	3	78	3	24	3
481	3847	562	564	63	612	6	25	6	146	6	77	6
482	3848	565	494	24	204	2	3	2	32	2	12	2
483	3849	541	566	33	306	3	11	3	108	3	34	3
484	3850	567	568	47	204	2	6	2	40	2	18	2
485	3860	247	569	47	102	1	3	1	37	1	13	1
486	3861	569	570	57	306	3	9	3	53	3	26	3
487	3862	569	571	37	357	2	36	4	302	4	96	4
488	3863	31	572	103	612	6	23	7	165	7	76	7
489	3864	573	574	39	102	1	3	1	25	1	12	1
490	3865	574	575	92	790	9	33	9	227	9	100	9
491	3866	108	576	36	306	3	13	3	122	3	40	3
492	3867	577	129	23	102	1	3	1	40	1	13	1
493	3868	129	108	26	0	0	0	0	0	0	0	0
494	3875	579	65	101	0	0	0	0	0	0	0	0
495	3946	580	581	653	0	0	0	0	0	0	0	0
496	3947	582	583	39	102	1	1	1	14	1	5	1
497	3948	583	584	538	306	3	21	3	145	3	55	3
498	3954	72	585	174	102	1	78	4	593	4	186	4
499	3956	529	530	816	0	0	0	0	0	0	0	0
500	3957	586	587	71	204	2	13	2	116	2	36	2
501	3958	588	156	44	59	1	3	1	30	1	12	1
502	3960	60	589	72	0	0	0	0	0	0	0	0
503	3961	590	115	73	161	2	5	2	34	2	18	2
504	3967	591	539	70	510	5	21	5	180	5	62	5
505	3968	592	549	96	0	0	0	0	0	0	0	0
506	3969	549	488	84	0	0	0	0	0	0	0	0
507	3970	500	549	111	306	3	14	3	101	3	40	3
508	3971	593	594	23	204	2	6	2	39	2	20	2
509	3972	247	594	44	408	4	21	4	180	4	58	4
510	3973	594	595	166	612	6	18	6	159	6	51	6
511	3976	596	597	37	161	2	7	2	45	2	23	2
512	3977	598	596	71	263	3	17	4	133	4	52	4
513	3978	599	600	51	263	3	11	3	89	3	36	3
514	3979	601	602	63	204	2	8	2	59	2	26	2
515	3980	560	603	37	161	2	3	2	31	2	11	2
516	3981	249	588	31	255	1	13	2	92	2	40	2
517	3982	604	557	10	102	1	1	1	14	1	5	1
518	3983	540	592	92	671	7	52	8	402	8	148	8
519	3984	55	534	34	0	0	5	3	40	3	16	3
520	3985	210	603	66	0	0	0	0	0	0	0	0
521	3986	525	601	110	263	3	12	3	124	3	39	3
522	3987	601	225	165	204	2	8	2	53	2	22	2
523	3990	71	522	640	0	0	0	0	0	0	0	0
524	3991	605	606	89	0	0	0	0	0	0	0	0
525	4002	607	609	556	0	0	0	0	0	0	0	0
526	4004	216	610	119	0	0	0	0	0	0	0	0
527	4006	600	611	12	204	2	8	2	56	2	27	2
528	4007	123	75	1085	0	0	0	0	0	0	0	0
529	4008	216	612	944	0	0	0	0	0	0	0	0
530	4009	613	209	181	0	0	1	1	12	1	4	1
531	4011	614	615	30	510	2	3	1	33	1	11	1
532	4012	616	617	136	0	0	0	0	0	0	0	0
533	4013	618	619	48	102	1	3	1	27	1	11	1
534	4015	131	620	125	1020	4	38	5	263	5	105	5
535	4016	488	621	83	0	0	0	0	0	0	0	0
536	4019	606	622	51	263	3	9	3	62	3	25	3
537	4020	622	623	50	102	1	3	1	25	1	12	1
538	4023	612	123	358	0	0	0	0	0	0	0	0
539	4024	612	624	693	0	0	0	0	0	0	0	0
540	4032	263	625	94	204	2	4	2	27	2	14	2
541	4034	580	626	53	204	2	4	2	27	2	13	2
542	4035	528	627	53	0	0	0	0	0	0	0	0
543	4036	627	628	18	59	1	1	1	16	1	7	1
544	4037	627	629	18	102	1	1	1	23	1	6	1
545	4038	59	525	107	102	1	3	1	34	1	11	1
546	4039	59	630	53	102	1	3	1	29	1	12	1
547	4040	631	532	46	0	0	8	1	63	1	27	1
548	4043	547	621	3	0	0	0	0	0	0	0	0
549	4044	632	617	7	0	0	0	0	0	0	0	0
550	4045	617	633	17	0	0	0	0	0	0	0	0
551	4046	632	616	14	0	0	0	0	0	0	0	0
552	4047	616	24	16	255	1	3	2	33	2	11	2
553	4048	26	540	43	0	0	0	0	0	0	0	0
554	4049	26	614	16	0	0	0	0	0	0	0	0
555	4050	588	586	19	0	0	0	0	0	0	0	0
556	4051	634	572	42	102	1	13	2	102	2	41	2
557	4052	635	32	30	0	0	0	0	0	0	0	0
558	4053	618	490	51	0	0	0	0	0	0	0	0
559	4054	618	53	60	0	0	0	0	0	0	0	0
560	4055	596	606	95	204	2	8	2	65	2	27	2
561	4056	636	209	349	0	0	22	1	204	1	62	1
562	4059	637	115	54	204	2	8	2	53	2	25	2
563	4060	638	613	131	204	2	6	2	45	2	21	2
564	4061	610	124	27	0	0	0	0	0	0	0	0
565	4062	639	124	131	0	0	0	0	0	0	0	0
566	4072	214	75	163	59	1	1	1	14	1	5	1
567	4073	640	641	78	102	1	1	1	13	1	5	1
568	4074	641	642	4	0	0	0	0	0	0	0	0
569	4075	643	644	85	612	6	18	6	108	6	51	6
570	4077	571	645	29	544	7	17	8	148	8	44	8
571	4078	578	646	27	0	0	0	0	0	0	0	0
572	4079	647	638	286	1691	17	56	17	453	17	135	17
573	4080	648	649	165	306	3	11	3	78	3	34	3
574	4081	622	650	74	714	7	40	7	308	7	106	7
575	4082	651	119	105	722	6	30	5	167	5	85	5
576	4091	646	652	94	408	4	23	6	142	6	64	6
577	4094	653	654	44	204	2	67	3	604	3	184	3
578	4095	490	501	166	1649	17	57	18	365	18	172	18
579	4096	592	29	110	918	9	63	14	484	14	163	14
580	4097	655	656	154	1122	11	67	15	612	15	215	15
581	4098	657	656	238	102	1	6	2	42	2	22	2
582	4099	658	659	54	0	0	0	0	0	0	0	0
583	4100	533	657	28	0	0	0	0	0	0	0	0
584	4101	533	660	22	0	0	0	0	0	0	0	0
585	4103	657	659	27	0	0	0	0	0	0	0	0
586	4104	659	660	24	0	0	0	0	0	0	0	0
587	4107	661	662	88	467	5	22	5	183	5	71	5
588	4108	662	663	61	569	6	24	6	193	6	76	6
589	4114	664	665	115	467	5	20	5	142	5	62	5
590	4115	492	666	80	204	2	6	2	41	2	20	2
591	4116	666	567	104	323	4	13	4	99	4	34	4
592	4119	633	667	42	102	1	1	1	17	1	5	1
593	4170	12	512	258	102	1	1	1	11	1	5	1
594	4185	463	284	11	0	0	0	0	0	0	0	0
595	4186	284	290	15	0	0	0	0	0	0	0	0
596	4187	290	237	9	0	0	0	0	0	0	0	0
597	4188	237	463	17	0	0	0	0	0	0	0	0
598	4203	668	669	535	59	1	8	2	75	2	26	2
599	4204	669	579	148	314	2	12	2	122	2	42	2
600	4210	670	671	84	0	0	0	0	0	0	0	0
601	4211	670	227	448	824	7	73	8	446	8	197	8
602	4212	409	672	88	0	0	44	2	378	2	137	2
603	4213	672	673	87	204	2	11	2	83	2	32	2
604	4251	671	674	192	0	0	0	0	0	0	0	0
605	4259	57	675	91	161	2	8	2	65	2	22	2
606	4260	675	676	85	102	1	1	1	13	1	5	1
607	4294	374	333	66	0	0	0	0	0	0	0	0
608	4301	573	677	47	204	2	6	2	54	2	20	2
609	4302	677	635	110	977	10	48	10	280	10	132	10
610	4406	678	679	395	0	0	0	0	0	0	0	0
611	4407	680	679	210	102	1	1	1	17	1	4	1
612	4408	522	223	341	102	1	13	2	94	2	42	2
613	4410	681	682	68	102	1	8	1	57	1	24	1
614	4423	683	682	90	0	0	0	0	0	0	0	0
615	4424	682	684	17	0	0	0	0	0	0	0	0
616	4425	684	685	25	0	0	0	0	0	0	0	0
617	4426	684	681	23	0	0	0	0	0	0	0	0
618	4427	681	686	21	0	0	0	0	0	0	0	0
619	4452	683	464	201	731	8	26	9	190	9	69	9
620	4453	686	683	85	102	1	3	2	30	2	12	2
621	4454	160	685	73	161	2	6	2	56	2	19	2
622	4455	685	686	30	0	0	0	0	0	0	0	0
623	4456	687	526	228	0	0	0	0	0	0	0	0
624	4457	526	223	247	0	0	0	0	0	0	0	0
625	4480	677	688	91	671	4	55	4	365	4	158	4
626	4496	689	690	98	765	3	46	2	345	2	128	2
627	4507	503	689	55	0	0	0	0	0	0	0	0
628	4681	691	608	646	0	0	0	0	0	0	0	0
629	4682	691	519	888	0	0	0	0	0	0	0	0
630	4698	520	453	715	0	0	0	0	0	0	0	0
631	4906	692	693	316	0	0	0	0	0	0	0	0
632	4918	274	694	33	0	0	0	0	0	0	0	0
633	4919	695	446	98	306	3	8	3	50	3	24	3
634	4920	696	446	9	0	0	0	0	0	0	0	0
635	4921	446	458	87	102	1	1	1	19	1	6	1
636	4922	240	695	23	102	1	8	1	57	1	23	1
637	4923	697	696	54	59	1	1	1	23	1	6	1
638	4924	696	448	161	102	1	3	1	38	1	11	1
639	6464	698	406	38	569	6	20	6	148	6	59	6
640	6465	406	699	36	408	4	15	5	138	5	38	5
641	6468	700	701	59	569	6	20	6	161	6	56	6
642	6469	702	703	36	365	4	12	4	120	4	38	4
643	6470	704	2	243	1895	19	68	19	387	19	165	19
644	6471	67	201	64	0	0	0	0	0	0	0	0
645	6472	201	705	105	586	7	22	7	171	7	69	7
646	6473	706	707	44	161	2	7	2	44	2	22	2
647	6474	674	706	58	204	2	8	2	80	2	27	2
648	6475	706	708	80	306	3	16	3	95	3	49	3
649	6476	709	710	130	773	8	31	8	231	8	97	8
650	6479	410	711	85	306	3	12	3	72	3	32	3
651	6480	711	399	12	0	0	0	0	0	0	0	0
652	6481	712	713	101	731	8	27	8	179	8	67	8
653	6558	297	296	25	0	0	0	0	0	0	0	0
654	6559	293	185	137	102	1	1	1	17	1	4	1
655	6560	347	315	856	204	2	4	2	35	2	13	2
656	6561	348	69	142	0	0	0	0	0	0	0	0
657	6564	393	228	193	765	6	62	8	569	8	170	8
658	6597	512	714	111	0	0	0	0	0	0	0	0
659	6598	714	428	54	0	0	0	0	0	0	0	0
660	6600	323	204	13	0	0	0	0	0	0	0	0
661	6603	711	267	45	0	0	0	0	0	0	0	0
662	6604	267	715	73	263	3	13	3	88	3	41	3
663	6612	388	716	61	612	6	20	6	148	6	63	6
664	6613	2	67	67	884	5	52	4	392	4	133	4
665	6614	394	330	83	0	0	0	0	0	0	0	0
666	6615	330	328	7	0	0	0	0	0	0	0	0
667	6616	328	331	64	102	1	3	1	37	1	11	1
668	6617	331	372	6	0	0	0	0	0	0	0	0
669	6618	372	374	69	102	1	3	1	34	1	11	1
670	6621	717	709	74	204	2	9	2	68	2	27	2
671	6622	709	674	19	0	0	0	0	0	0	0	0
672	6624	703	712	60	0	0	0	0	0	0	0	0
673	6625	712	700	8	0	0	0	0	0	0	0	0
674	6626	700	718	50	0	0	0	0	0	0	0	0
675	6627	718	343	16	0	0	0	0	0	0	0	0
676	6628	343	378	59	0	0	0	0	0	0	0	0
677	6629	378	120	40	0	0	0	0	0	0	0	0
678	6631	7	187	522	161	2	6	2	52	2	22	2
679	6632	189	511	96	0	0	0	0	0	0	0	0
680	6633	511	298	92	102	1	11	2	85	2	28	2
681	6634	189	510	73	102	1	3	1	34	1	11	1
682	6635	719	714	52	0	0	1	1	17	1	5	1
683	6636	6	187	546	0	0	0	0	0	0	0	0
684	6638	720	231	495	510	5	12	5	75	5	39	5
685	6645	694	452	23	0	0	0	0	0	0	0	0
686	6646	452	476	478	0	0	1	1	17	1	5	1
687	6647	694	451	25	0	0	0	0	0	0	0	0
688	6650	197	693	757	0	0	0	0	0	0	0	0
689	6745	721	389	77	102	1	8	1	68	1	27	1
690	6778	333	336	65	0	0	0	0	0	0	0	0
691	6779	333	722	33	263	3	15	3	149	3	48	3
692	6780	392	723	89	612	6	29	8	260	8	83	8
693	6781	723	469	36	306	3	11	3	69	3	37	3
694	6782	724	322	148	671	7	28	7	198	7	84	7
695	6783	724	725	18	0	0	0	0	0	0	0	0
696	6784	192	370	12	0	0	0	0	0	0	0	0
697	6785	192	100	95	161	2	3	2	25	2	11	2
698	6786	418	419	102	0	0	0	0	0	0	0	0
699	6787	468	518	574	0	0	3	1	26	1	12	1
700	6795	274	726	297	102	1	3	1	40	1	13	1
701	6796	349	727	73	323	4	13	4	83	4	33	4
702	6799	310	506	225	119	2	4	2	30	2	15	2
703	6802	719	728	70	102	1	1	1	13	1	5	1
704	6803	716	729	61	255	1	10	1	92	1	31	1
705	6817	716	400	51	161	2	5	2	52	2	17	2
706	6818	403	730	42	102	1	1	1	19	1	6	1
707	6819	730	369	281	306	3	13	3	84	3	35	3
708	6852	725	731	19	0	0	1	1	13	1	4	1
709	6861	455	732	244	102	1	8	2	63	2	28	2
710	6862	459	457	68	510	2	23	2	152	2	58	2
711	6869	386	733	102	0	0	23	1	142	1	69	1
712	6870	386	734	102	569	6	28	7	231	7	85	7
713	6871	734	387	71	586	7	19	7	153	7	52	7
714	6872	361	735	7	0	0	0	0	0	0	0	0
715	6873	735	397	209	714	3	43	6	367	6	122	6
716	6987	418	433	305	0	0	0	0	0	0	0	0
717	7030	380	736	138	0	0	1	1	18	1	7	1
718	7031	736	416	392	204	2	6	2	55	2	18	2
719	7047	697	695	41	59	1	3	1	40	1	12	1
720	7048	737	181	1233	0	0	0	0	0	0	0	0
721	7049	737	449	320	0	0	0	0	0	0	0	0
722	7050	737	738	208	59	1	3	2	26	2	11	2
723	7051	480	739	197	0	0	0	0	0	0	0	0
724	7052	739	320	555	510	5	14	6	131	6	43	6
725	7053	739	740	448	102	1	3	1	41	1	12	1
726	7058	741	355	202	102	1	3	1	39	1	13	1
727	7059	742	741	209	102	1	3	1	29	1	12	1
728	7085	743	744	58	612	6	31	6	232	6	92	6
729	7086	745	746	90	263	3	14	3	100	3	41	3
730	7087	747	746	77	306	3	11	4	87	4	30	4
731	7088	748	749	60	365	4	14	4	120	4	39	4
732	7089	750	749	115	425	5	21	5	172	5	58	5
733	7090	749	751	67	612	6	28	6	180	6	76	6
734	7091	652	747	8	102	1	3	1	31	1	13	1
735	7092	747	750	88	102	1	3	1	41	1	13	1
736	7093	750	543	19	0	0	0	0	0	0	0	0
737	7094	543	752	21	102	1	3	1	30	1	11	1
738	7095	753	652	130	671	7	26	7	177	7	68	7
739	7096	595	754	76	306	3	8	3	61	3	22	3
740	7098	515	755	48	161	2	6	2	44	2	20	2
741	7099	755	756	85	306	3	11	3	85	3	32	3
742	7100	757	758	67	0	0	14	5	92	5	46	5
743	7104	708	759	13	204	2	11	2	91	2	34	2
744	7106	703	760	12	0	0	0	0	0	0	0	0
745	7107	760	761	91	816	8	33	8	284	8	97	8
746	7110	440	404	76	408	4	10	4	70	4	28	4
747	7111	378	762	132	705	9	25	9	218	9	62	9
748	7112	762	718	130	527	6	17	7	101	7	45	7
749	7113	121	467	9	0	0	0	0	0	0	0	0
750	7114	387	763	72	306	3	16	4	114	4	46	4
751	7115	763	384	8	0	0	0	0	0	0	0	0
752	7116	764	765	60	0	0	0	0	0	0	0	0
753	7117	766	767	251	59	1	3	1	39	1	13	1
754	7118	766	726	13	0	0	0	0	0	0	0	0
755	7119	765	766	214	204	2	8	3	58	3	25	3
756	7120	765	768	177	102	1	1	1	21	1	7	1
757	7121	769	770	68	306	3	14	3	124	3	41	3
758	7122	770	514	92	586	7	22	7	130	7	62	7
759	7123	590	771	86	306	3	11	4	69	4	34	4
760	7124	664	772	67	408	4	21	4	179	4	59	4
761	7125	772	773	51	204	2	6	2	38	2	19	2
762	7126	773	640	52	204	2	8	2	67	2	24	2
763	7284	639	214	345	204	2	8	2	59	2	23	2
764	7285	774	158	356	0	0	0	0	0	0	0	0
765	7286	775	656	62	161	2	6	2	37	2	17	2
766	7287	776	208	421	0	0	0	0	0	0	0	0
767	7292	777	658	129	612	2	7	3	50	3	22	3
768	7293	778	754	93	510	5	25	5	155	5	74	5
769	7294	779	610	236	0	0	0	0	0	0	0	0
770	7295	780	781	287	0	0	0	0	0	0	0	0
771	7296	780	782	78	0	0	0	0	0	0	0	0
772	7297	782	783	234	0	0	3	1	27	1	12	1
773	7298	782	636	150	0	0	0	0	0	0	0	0
774	7299	636	78	270	263	3	15	3	104	3	46	3
775	7301	784	785	87	0	0	4	1	45	1	16	1
776	7317	786	643	69	671	7	25	7	214	7	78	7
777	7318	787	644	68	612	6	23	7	155	7	73	7
778	7319	788	605	17	102	1	1	1	11	1	5	1
779	7320	110	573	18	59	1	1	1	18	1	5	1
780	7321	114	634	101	977	10	47	10	295	10	142	10
781	7322	590	789	35	59	1	1	1	15	1	5	1
782	7323	771	246	156	773	8	31	8	281	8	93	8
783	7324	593	772	157	510	5	22	5	153	5	71	5
784	7325	772	119	113	671	7	37	7	236	7	107	7
785	7326	23	790	27	0	0	0	0	0	0	0	0
786	7327	489	502	24	0	0	0	0	0	0	0	0
787	7328	587	655	15	0	0	0	0	0	0	0	0
788	7329	655	156	61	0	0	0	0	0	0	0	0
789	7330	791	792	121	790	9	26	10	213	10	73	10
790	7331	31	793	15	102	1	1	1	13	1	5	1
791	7332	793	794	40	204	2	13	2	108	2	42	2
792	7333	794	792	34	255	1	14	1	93	1	45	1
793	7334	795	648	17	204	2	3	2	35	2	10	2
794	7335	572	789	57	0	0	0	0	0	0	0	0
795	7336	275	796	37	0	0	0	0	0	0	0	0
796	7337	797	128	847	0	0	0	0	0	0	0	0
797	7339	798	799	60	306	3	9	3	68	3	26	3
798	7340	764	800	54	102	1	3	1	27	1	12	1
799	7341	800	797	665	102	1	10	1	75	1	35	1
800	7342	797	796	262	102	1	3	1	34	1	12	1
801	7343	796	801	58	102	1	1	1	15	1	5	1
802	7346	13	798	27	0	0	0	0	0	0	0	0
803	7347	798	802	225	1589	16	61	16	392	16	162	16
804	7348	803	800	139	0	0	0	0	0	0	0	0
805	7349	804	271	397	0	0	1	1	15	1	5	1
806	7350	805	272	327	0	0	1	1	16	1	5	1
807	7351	768	272	186	0	0	0	0	0	0	0	0
808	7353	806	582	296	204	2	6	2	50	2	20	2
809	7354	807	145	24	0	0	0	0	0	0	0	0
810	7355	767	808	261	0	0	0	0	0	0	0	0
811	7356	584	808	925	0	0	0	0	0	0	0	0
812	7358	668	125	78	0	0	0	0	0	0	0	0
813	7359	125	136	10	0	0	0	0	0	0	0	0
814	7360	136	807	146	0	0	0	0	0	0	0	0
815	7361	807	582	67	102	1	1	1	18	1	7	1
816	7364	809	514	305	0	0	0	0	0	0	0	0
817	7365	810	811	6	119	2	4	2	31	2	12	2
818	7366	811	812	27	297	5	17	6	149	6	44	6
819	7367	813	575	44	382	5	16	5	124	5	49	5
820	7368	757	814	67	0	0	1	1	18	1	5	1
821	7369	814	815	57	306	3	7	3	54	3	22	3
822	7370	640	816	96	671	7	24	7	131	7	67	7
823	7371	817	769	55	102	1	1	1	16	1	6	1
824	7376	680	818	153	59	1	3	1	35	1	12	1
825	7405	819	581	808	102	1	3	1	34	1	11	1
826	7410	581	820	799	204	2	4	2	43	2	13	2
827	7411	821	822	208	0	0	0	0	0	0	0	0
828	7412	822	823	151	59	1	8	1	66	1	24	1
829	7414	221	530	192	0	0	1	1	13	1	5	1
830	7415	823	776	52	59	1	3	1	28	1	10	1
831	7416	503	775	36	102	1	1	1	13	1	5	1
832	7417	221	824	81	816	8	36	8	198	8	88	8
833	7418	19	503	108	467	5	41	6	349	6	120	6
834	7420	825	631	75	510	5	26	5	220	5	79	5
835	7421	532	826	132	204	2	11	2	70	2	32	2
836	7514	797	827	444	102	1	1	1	18	1	5	1
837	7515	828	829	462	204	2	3	2	32	2	12	2
838	7516	828	830	94	102	1	1	1	16	1	5	1
839	7517	517	831	571	102	1	8	2	64	2	28	2
840	7518	831	828	176	0	0	0	0	0	0	0	0
841	7520	785	774	32	0	0	3	1	29	1	12	1
842	7521	774	658	84	0	0	0	0	0	0	0	0
843	7522	63	589	258	0	0	0	0	0	0	0	0
844	7523	60	649	445	0	0	0	0	0	0	0	0
845	7524	832	638	32	204	2	13	2	101	2	36	2
846	7525	754	833	5	0	0	0	0	0	0	0	0
847	7526	833	834	122	204	2	6	2	54	2	20	2
848	7527	835	660	46	0	0	0	0	0	0	0	0
849	7528	783	609	319	204	2	7	2	66	2	21	2
850	7532	642	836	31	323	4	8	4	80	4	26	4
851	7533	809	837	381	0	0	0	0	0	0	0	0
852	7535	753	838	26	161	2	3	2	36	2	10	2
853	7536	839	840	99	314	2	33	13	232	13	88	13
854	7537	841	515	43	204	2	6	2	55	2	18	2
855	7538	770	842	72	510	5	18	5	120	5	54	5
856	7548	648	843	150	833	9	42	9	361	9	126	9
857	7549	843	756	176	1241	13	71	13	562	13	216	13
858	7550	756	781	77	204	2	3	2	25	2	11	2
859	7552	844	595	122	875	9	30	9	261	9	90	9
860	7554	649	647	55	0	0	0	0	0	0	0	0
861	7555	843	647	128	714	7	32	7	271	7	87	7
862	7556	781	832	71	612	6	26	6	164	6	74	6
863	7557	780	837	361	0	0	0	0	0	0	0	0
864	7558	837	829	125	204	2	6	2	54	2	20	2
865	7559	817	845	105	204	2	8	2	66	2	26	2
866	7560	843	769	160	629	7	23	7	215	7	62	7
867	7561	769	846	74	204	2	4	2	42	2	13	2
868	7562	846	847	9	0	0	0	0	0	0	0	0
869	7563	847	661	50	59	1	1	1	14	1	7	1
870	7564	661	848	35	0	0	0	0	0	0	0	0
871	7565	848	788	23	0	0	0	0	0	0	0	0
872	7566	849	848	101	875	9	30	9	188	9	82	9
873	7567	850	847	102	816	8	28	8	229	8	74	8
874	7568	851	643	44	102	1	3	1	32	1	13	1
875	7569	644	640	87	323	4	13	4	122	4	41	4
876	7570	574	114	47	102	1	3	1	35	1	13	1
877	7571	111	852	72	204	2	8	2	59	2	26	2
878	7572	852	839	45	714	4	5	3	37	3	18	3
879	7573	839	745	43	204	2	6	2	49	2	20	2
880	7574	745	757	36	102	1	3	1	35	1	11	1
881	7575	815	853	65	102	1	3	1	26	1	13	1
882	7576	853	743	79	102	1	1	1	18	1	5	1
883	7578	853	854	72	467	5	20	6	163	6	54	6
884	7580	51	855	36	510	2	59	9	384	9	169	9
885	7581	603	53	78	0	0	0	0	0	0	0	0
886	7584	29	856	117	0	0	0	0	0	0	0	0
887	7585	857	858	78	637	10	26	10	190	10	66	10
888	7586	858	539	67	238	4	9	4	70	4	29	4
889	7587	852	15	101	306	3	14	6	96	6	42	6
890	7588	489	859	23	204	2	7	2	72	2	20	2
891	7589	859	587	64	59	1	3	1	31	1	13	1
892	7590	586	860	62	102	1	3	1	41	1	13	1
893	7591	860	856	36	102	1	0	0	0	0	0	0
894	7592	788	861	91	612	6	26	6	156	6	74	6
895	7593	861	862	68	612	6	25	6	197	6	74	6
896	7594	846	863	77	510	5	18	5	111	5	55	5
897	7595	863	864	64	527	6	23	6	148	6	65	6
898	7596	516	865	536	102	1	3	1	41	1	13	1
899	7597	865	809	217	102	1	3	1	27	1	13	1
900	7598	866	116	31	0	0	96	22	589	22	284	22
901	7613	816	817	77	629	7	21	7	156	7	52	7
902	7614	803	583	1027	408	4	11	4	102	4	31	4
903	7619	529	687	230	0	0	0	0	0	0	0	0
904	7625	589	779	886	102	1	12	2	116	2	40	2
905	7627	790	34	3	0	0	0	0	0	0	0	0
906	7628	790	29	74	510	5	16	5	148	5	53	5
907	7634	71	867	584	569	6	22	6	166	6	63	6
908	7640	868	609	460	255	1	3	1	36	1	11	1
909	7641	624	868	270	59	1	1	1	18	1	5	1
910	7642	608	624	558	0	0	0	0	0	0	0	0
911	7643	621	505	79	59	1	3	1	31	1	13	1
912	7645	869	678	209	102	1	1	1	12	1	5	1
913	7646	678	218	122	102	1	3	1	34	1	12	1
914	7648	607	868	245	119	2	6	2	58	2	17	2
915	7649	870	871	146	59	1	1	1	18	1	6	1
916	7650	870	872	82	408	4	20	4	126	4	54	4
917	7651	873	874	37	510	2	48	2	306	2	129	2
918	7653	875	669	141	0	0	0	0	0	0	0	0
919	7654	875	870	93	0	0	0	0	0	0	0	0
920	7656	876	623	95	1258	14	76	15	677	15	199	15
921	7659	801	877	161	0	0	0	0	0	0	0	0
922	7660	877	752	247	204	2	10	3	84	3	31	3
923	7661	877	878	112	102	1	3	1	34	1	13	1
924	7662	600	879	39	161	2	11	2	67	2	34	2
925	7663	879	598	29	204	2	13	2	118	2	38	2
926	7666	808	880	298	102	1	1	1	17	1	5	1
927	7689	881	882	36	306	3	18	3	122	3	56	3
928	7690	882	559	3	0	0	0	0	0	0	0	0
929	7691	676	131	108	102	1	3	1	28	1	13	1
930	7692	537	883	72	365	4	14	4	102	4	37	4
931	7693	883	884	11	102	1	1	1	12	1	5	1
932	7694	49	885	37	0	0	5	3	54	3	16	3
933	7696	548	886	22	0	0	0	0	0	0	0	0
934	7698	220	497	56	204	2	13	3	93	3	41	3
935	7722	642	810	61	399	6	18	6	134	6	58	6
936	7723	31	248	8	0	0	0	0	0	0	0	0
937	7724	773	887	102	408	4	12	3	94	3	35	3
938	7725	598	888	43	204	2	8	2	76	2	27	2
939	7726	885	632	40	0	0	3	2	22	2	12	2
940	7727	113	110	41	102	1	3	1	27	1	11	1
941	7776	889	890	110	1275	5	77	15	502	15	194	15
942	7777	792	246	63	612	6	35	6	260	6	96	6
943	7779	891	35	51	306	3	21	3	126	3	69	3
944	7780	875	892	89	59	1	4	1	32	1	13	1
945	7782	593	873	58	629	7	17	6	153	6	50	6
946	7783	873	795	87	263	3	15	4	98	4	45	4
947	7784	771	889	11	0	0	0	0	0	0	0	0
948	7785	889	664	38	0	0	8	1	80	1	25	1
949	7786	675	893	33	102	1	8	1	54	1	28	1
950	7788	893	35	122	365	4	24	4	189	4	69	4
951	7899	456	521	755	59	1	1	1	18	1	5	1
952	7900	521	894	59	0	0	0	0	0	0	0	0
953	7901	460	695	99	0	0	0	0	0	0	0	0
954	7902	460	457	50	102	1	1	1	17	1	6	1
955	7903	458	895	124	773	8	30	9	221	9	90	9
956	7904	283	697	29	0	0	0	0	0	0	0	0
957	7905	894	896	233	59	1	3	1	33	1	13	1
958	8141	897	133	52	161	2	4	2	35	2	12	2
959	8142	133	724	81	119	2	8	2	81	2	23	2
960	8189	468	7	95	0	0	0	0	0	0	0	0
961	8191	381	898	74	263	3	10	4	98	4	29	4
962	8192	898	234	41	0	0	0	0	0	0	0	0
963	8195	400	899	117	263	3	11	3	85	3	35	3
964	8196	899	194	82	0	0	0	0	0	0	0	0
965	8197	47	900	48	306	3	13	3	110	3	42	3
966	8198	900	671	98	306	3	11	3	93	3	33	3
967	8199	670	901	107	204	2	13	2	90	2	38	2
968	8200	901	902	3	102	1	3	1	35	1	11	1
969	8201	412	903	39	255	1	0	0	0	0	0	0
970	8202	903	721	28	0	0	0	0	0	0	0	0
971	8532	904	905	176	0	0	0	0	0	0	0	0
972	8534	906	508	18	0	0	0	0	0	0	0	0
973	8535	904	907	222	102	1	3	1	25	1	11	1
974	8536	199	906	233	263	3	13	4	106	4	36	4
975	8537	420	509	534	102	1	1	1	13	1	5	1
976	8538	509	906	121	0	0	0	0	0	0	0	0
977	8713	906	908	1085	0	0	0	0	0	0	0	0
978	8714	909	905	781	263	3	14	3	113	3	39	3
979	8715	905	199	66	0	0	0	0	0	0	0	0
980	8716	908	233	270	0	0	0	0	0	0	0	0
981	8717	909	233	47	0	0	1	1	14	1	5	1
982	8718	42	910	582	102	1	8	2	55	2	28	2
983	8720	908	910	711	0	0	0	0	0	0	0	0
984	8721	910	354	217	102	1	8	1	64	1	28	1
985	8722	353	908	167	102	1	3	1	26	1	12	1
986	8723	243	168	763	306	3	27	4	227	4	80	4
987	10720	911	912	64	102	1	25	3	141	3	77	3
988	10732	207	913	40	0	0	0	0	0	0	0	0
989	10744	913	914	43	102	1	3	1	27	1	13	1
990	10745	914	915	158	161	2	4	2	33	2	16	2
991	10791	473	911	39	0	0	0	0	0	0	0	0
992	10792	911	916	83	204	2	39	8	355	8	100	8
993	10793	437	912	9	0	0	0	0	0	0	0	0
994	10794	912	473	20	0	0	1	1	14	1	4	1
995	10795	234	917	32	204	2	6	2	60	2	19	2
996	10799	687	524	212	0	0	0	0	0	0	0	0
997	10802	823	174	14	0	0	0	0	0	0	0	0
998	10803	174	835	245	59	1	6	2	55	2	19	2
999	10804	519	177	1029	0	0	0	0	0	0	0	0
1000	10805	177	197	448	0	0	0	0	0	0	0	0
1001	10807	626	260	8	0	0	0	0	0	0	0	0
1002	10808	260	263	97	204	2	13	2	94	2	35	2
1003	10811	820	264	93	0	0	0	0	0	0	0	0
1004	10812	264	821	325	0	0	1	1	17	1	5	1
1005	10814	270	449	18	0	0	0	0	0	0	0	0
1006	10836	262	918	98	119	2	6	2	43	2	19	2
1007	11844	919	348	308	0	0	4	1	39	1	16	1
1008	11896	920	921	60	357	6	16	6	88	6	44	6
1009	12007	896	178	449	0	0	0	0	0	0	0	0
1010	12008	178	693	800	0	0	0	0	0	0	0	0
1011	12033	789	920	67	306	3	11	3	79	3	32	3
1012	12034	920	794	49	0	0	0	0	0	0	0	0
1013	12036	14	65	80	0	0	0	0	0	0	0	0
1014	12086	531	922	84	102	1	401	21	2208	21	1180	21
1015	12087	250	923	52	255	1	21	1	136	1	63	1
1016	12088	251	886	58	204	2	8	2	62	2	27	2
1017	12089	755	924	39	204	2	8	2	78	2	24	2
1018	12090	158	925	119	161	2	6	2	64	2	18	2
1019	12091	646	926	24	102	1	3	1	40	1	12	1
1020	12092	927	14	58	102	1	6	2	46	2	20	2
1021	12116	928	929	42	833	9	48	9	386	9	135	9
1022	12117	929	572	64	255	1	38	2	211	2	112	2
1023	-1	32	653	181	0	0	0	0	0	0	0	0
1024	-2	40	169	405	0	0	0	0	0	0	0	0
1025	-3	60	784	479	0	0	0	0	0	0	0	0
1026	-4	71	72	243	0	0	0	0	0	0	0	0
1027	-5	64	57	662	0	0	0	0	0	0	0	0
1028	-6	111	578	84	0	0	0	0	0	0	0	0
1029	-7	305	306	74	0	0	0	0	0	0	0	0
1030	-8	519	520	860	0	0	0	0	0	0	0	0
1031	-9	578	13	215	0	0	0	0	0	0	0	0
1032	-10	607	608	520	0	0	0	0	0	0	0	0
1033	-11	653	667	47	0	0	0	0	0	0	0	0
1034	-12	692	181	903	0	0	0	0	0	0	0	0
1035	-13	357	361	150	0	0	0	0	0	0	0	0
1036	-14	236	305	138	0	0	0	0	0	0	0	0
1037	-15	507	691	998	0	0	0	0	0	0	0	0
1038	-16	584	295	483	0	0	0	0	0	0	0	0
1039	-18	479	692	1672	0	0	0	0	0	0	0	0
END				
-----------------------------------------				
InputUsedToGenerateTheGraph:				
County:	Norddjurs			
CenterNodeId:	754			
Radius:	6500			
HouseTypes:	Normal	Summer	Apartment	
NumberOfWasteFractions: 2				
IntervalsForWasteFraction:	general	3.5	7.0	14.0
IntervalsForWasteFraction:	paper	7.0	14.0	28.0
-----------------------------------------				


