ProblemType:	MC-CARP
NumberNodes:	761
NumberEdges:	852
DepotNodeNumber:	288
NumberOfFractions:	4
NumberOfIntervalsForFraction	Paper	1	14
NumberOfIntervalsForFraction	Glass	1	14
NumberOfIntervalsForFraction	Plastic	1	14
NumberOfIntervalsForFraction	Metal	1	14
GRAPH
EdgeNumber	EdgeId	StartNodeNumber	EndNodeNumber	Cost	Demand_0	Bins_0
	Demand_1	Bins_1
	Demand_2	Bins_2
	Demand_3	Bins_3
START
0	0	0	1	90	92	3	8	3	70	3	23	3
1	1	0	2	124	97	4	14	4	126	4	41	4
2	2	3	4	113	323	4	15	4	118	4	40	4
3	3	5	6	31	81	1	2	1	22	1	10	1
4	4	7	5	93	426	9	25	6	200	6	67	6
5	6	8	9	50	97	4	12	4	107	4	32	4
6	7	3	10	99	11	2	6	2	58	2	19	2
7	8	11	12	66	248	4	17	5	156	5	53	5
8	9	13	14	120	576	9	42	11	315	11	105	11
9	10	15	16	94	259	6	22	7	173	7	70	7
10	12	17	18	108	339	7	24	7	162	7	61	7
11	13	19	20	59	242	3	10	3	74	3	33	3
12	14	21	22	55	71	13	45	12	371	12	113	12
13	15	23	24	143	0	0	0	0	0	0	0	0
14	16	25	0	97	334	6	30	7	243	7	92	7
15	17	26	25	100	242	3	10	3	63	3	33	3
16	18	1	26	99	248	4	14	4	118	4	47	4
17	19	1	27	41	27	5	18	5	139	5	52	5
18	53	28	29	190	562	20	64	20	427	20	195	20
19	54	30	31	35	0	0	0	0	0	0	0	0
20	55	32	30	36	5	1	2	1	32	1	9	1
21	57	35	36	51	189	7	26	7	215	7	79	7
22	58	37	38	32	935	3	154	2	1130	2	401	2
23	59	39	40	16	11	2	7	2	47	2	20	2
24	60	41	42	74	86	2	6	2	62	2	18	2
25	61	43	44	37	172	4	17	4	131	4	50	4
26	62	45	46	10	0	0	8	2	82	2	26	2
27	63	47	48	379	253	5	14	5	106	5	44	5
28	64	46	42	203	5	1	1	1	17	1	6	1
29	67	50	51	79	5	1	2	1	26	1	8	1
30	69	53	54	37	81	1	3	1	35	1	11	1
31	70	54	55	58	97	4	17	4	119	4	48	4
32	71	53	56	37	86	2	6	2	56	2	20	2
33	77	57	58	21	81	1	2	1	20	1	9	1
34	78	59	57	34	242	3	9	3	73	3	29	3
35	90	60	61	101	0	0	0	0	0	0	0	0
36	91	60	62	50	0	0	2	1	21	1	9	1
37	92	63	64	168	517	12	42	12	354	12	103	12
38	96	57	67	240	183	6	19	6	176	6	52	6
39	97	68	67	17	0	0	0	0	0	0	0	0
40	98	69	70	48	81	1	2	1	21	1	8	1
41	99	71	70	32	242	3	8	3	72	3	23	3
42	100	70	72	6	0	0	0	0	0	0	0	0
43	101	72	73	42	11	2	6	2	49	2	20	2
44	102	72	74	30	86	2	5	2	36	2	17	2
45	103	74	75	44	172	4	13	4	89	4	35	4
46	104	73	76	24	92	3	7	3	49	3	20	3
47	105	77	78	84	22	4	9	4	60	4	30	4
48	106	79	80	54	97	4	13	4	103	4	40	4
49	107	79	81	52	172	4	14	4	115	4	36	4
50	108	82	79	35	86	2	6	2	62	2	21	2
51	110	83	84	29	114	7	23	7	214	7	68	7
52	111	85	86	32	92	3	8	3	68	3	26	3
53	112	87	56	56	81	1	3	1	34	1	12	1
54	113	69	87	8	0	0	0	0	0	0	0	0
55	114	74	88	22	97	4	13	5	106	5	36	5
56	115	54	89	47	172	4	12	4	79	4	34	4
57	116	90	35	51	16	3	14	4	95	4	45	4
58	117	91	92	4	5	1	1	1	13	1	6	1
59	118	93	92	64	5	1	2	1	25	1	10	1
60	119	91	94	108	172	4	14	4	79	4	36	4
61	120	15	94	102	11	2	4	2	40	2	12	2
62	121	95	61	112	0	0	11	1	103	1	31	1
63	122	96	97	188	0	0	0	0	0	0	0	0
64	123	97	98	100	172	4	21	4	134	4	63	4
65	124	99	90	51	0	0	0	0	0	0	0	0
66	125	100	101	115	363	7	44	9	297	9	134	9
67	152	102	103	6	0	0	0	0	0	0	0	0
68	153	104	105	43	92	3	8	3	48	3	25	3
69	154	106	107	23	242	3	10	3	94	3	31	3
70	155	107	108	9	81	1	2	1	31	1	10	1
71	156	109	110	17	350	9	28	9	187	9	79	9
72	157	111	112	52	328	5	18	5	131	5	52	5
73	159	102	113	39	161	2	6	2	64	2	21	2
74	160	102	115	75	172	4	13	4	122	4	40	4
75	161	116	115	39	161	2	6	2	54	2	22	2
76	162	115	112	22	81	1	2	1	26	1	9	1
77	163	112	117	44	565	7	30	7	255	7	76	7
78	164	118	119	446	253	5	27	6	215	6	71	6
79	165	120	121	9	0	0	0	0	0	0	0	0
80	166	122	123	33	5	1	1	1	14	1	6	1
81	167	122	124	41	92	3	9	3	86	3	29	3
82	168	125	68	63	81	1	1	1	14	1	6	1
83	169	126	127	38	81	1	76	5	667	5	233	5
84	170	128	129	111	334	6	21	6	185	6	56	6
85	171	128	130	37	0	0	0	0	0	0	0	0
86	172	131	128	60	0	0	0	0	0	0	0	0
87	173	132	133	106	415	7	25	7	188	7	67	7
88	174	133	80	42	81	1	5	2	47	2	16	2
89	175	130	134	10	0	0	0	0	0	0	0	0
90	176	86	135	63	161	2	4	2	27	2	14	2
91	177	136	135	7	5	1	1	1	16	1	6	1
92	178	135	33	25	81	1	2	1	21	1	9	1
93	179	137	53	52	345	8	26	8	243	8	71	8
94	180	138	87	102	172	4	13	4	92	4	39	4
95	181	139	140	56	81	1	1	1	21	1	6	1
96	191	141	142	852	248	4	16	4	151	4	52	4
97	452	143	144	68	5	1	2	1	22	1	9	1
98	453	145	103	115	248	4	15	4	134	4	50	4
99	454	146	147	85	1005	10	57	12	317	12	146	12
100	455	104	107	46	0	0	0	0	0	0	0	0
101	456	148	149	56	16	3	8	3	49	3	23	3
102	463	150	83	91	49	9	24	9	143	9	72	9
103	464	151	84	76	222	13	38	13	238	13	103	13
104	610	152	153	103	2084	37	106	39	769	39	305	39
105	712	41	154	8	0	0	0	0	0	0	0	0
106	713	38	155	9	0	0	0	0	0	0	0	0
107	714	155	41	12	0	0	0	0	0	0	0	0
108	715	154	38	8	0	0	0	0	0	0	0	0
109	823	156	157	19	0	0	0	0	0	0	0	0
110	824	157	158	16	0	0	0	0	0	0	0	0
111	825	158	156	35	0	0	0	0	0	0	0	0
112	854	160	161	83	2048	44	101	46	774	46	288	46
113	862	162	163	90	1053	10	98	12	740	12	289	12
114	868	164	165	27	0	0	0	0	0	0	0	0
115	869	165	166	707	0	0	30	2	225	2	82	2
116	870	167	168	125	0	0	0	0	0	0	0	0
117	871	168	169	164	0	0	0	0	0	0	0	0
118	872	169	170	163	0	0	0	0	0	0	0	0
119	873	170	167	124	0	0	0	0	0	0	0	0
120	874	170	168	11	0	0	0	0	0	0	0	0
121	875	171	172	101	0	0	0	0	0	0	0	0
122	876	172	173	159	0	0	0	0	0	0	0	0
123	877	173	174	159	0	0	0	0	0	0	0	0
124	878	174	171	101	0	0	0	0	0	0	0	0
125	879	174	172	8	0	0	0	0	0	0	0	0
126	880	175	176	71	0	0	0	0	0	0	0	0
127	884	177	175	71	0	0	0	0	0	0	0	0
128	885	177	176	7	0	0	0	0	0	0	0	0
129	886	178	179	49	0	0	0	0	0	0	0	0
130	903	182	183	115	0	0	0	0	0	0	0	0
131	904	183	184	115	0	0	0	0	0	0	0	0
132	905	184	181	84	0	0	0	0	0	0	0	0
133	906	182	184	8	0	0	0	0	0	0	0	0
134	1043	68	78	36	86	2	12	4	78	4	34	4
135	1044	123	121	36	92	3	8	3	70	3	22	3
136	1046	185	186	24	0	0	0	0	0	0	0	0
137	1048	187	133	122	86	2	5	2	35	2	16	2
138	1049	188	83	71	481	19	63	20	530	20	174	20
139	1050	186	189	52	0	0	0	0	0	0	0	0
140	1058	190	82	7	81	1	2	1	21	1	8	1
141	1063	191	192	120	178	5	19	6	169	6	61	6
142	1064	193	191	107	217	12	36	13	281	13	108	13
143	1065	194	195	13	0	0	5	2	51	2	17	2
144	1066	196	194	41	0	0	16	6	125	6	50	6
145	1067	197	65	100	415	7	26	8	221	8	72	8
146	1068	197	196	82	97	4	12	4	78	4	35	4
147	1069	196	191	57	161	2	6	2	43	2	19	2
148	1071	198	199	12	5	1	1	1	14	1	6	1
149	1072	200	201	46	0	0	0	0	0	0	0	0
150	1073	202	201	61	0	0	0	0	0	0	0	0
151	1075	203	200	37	0	0	11	1	71	1	30	1
152	1076	204	205	79	172	4	13	4	101	4	36	4
153	1077	206	204	115	194	8	32	8	235	8	92	8
154	1078	207	208	94	97	4	12	4	98	4	31	4
155	1079	209	208	36	248	4	15	4	111	4	46	4
156	1080	210	211	11	81	1	7	1	51	1	19	1
157	1081	212	213	247	0	0	3	1	37	1	13	1
158	1083	214	215	316	0	0	97	27	731	27	266	27
159	1084	216	217	21	323	4	18	5	101	5	47	5
160	1085	218	219	89	582	10	34	10	219	10	92	10
161	1086	220	221	85	86	2	5	2	44	2	18	2
162	1087	222	223	36	167	3	10	3	73	3	30	3
163	1088	223	224	36	22	4	12	4	99	4	34	4
164	1089	225	222	22	97	4	12	4	95	4	31	4
165	1090	226	227	85	92	3	9	3	79	3	29	3
166	1321	162	228	86	510	2	47	3	404	3	124	3
167	1322	229	230	25	0	0	0	0	0	0	0	0
168	1323	229	231	27	0	0	0	0	0	0	0	0
169	1324	230	232	17	0	0	0	0	0	0	0	0
170	1325	232	233	13	0	0	0	0	0	0	0	0
171	1326	233	234	15	0	0	0	0	0	0	0	0
172	1329	231	230	20	0	0	0	0	0	0	0	0
173	1339	232	236	475	0	0	0	0	0	0	0	0
174	1383	237	238	45	0	0	0	0	0	0	0	0
175	1384	239	240	347	0	0	0	0	0	0	0	0
176	1385	240	238	82	0	0	0	0	0	0	0	0
177	1386	240	241	45	0	0	0	0	0	0	0	0
178	1387	241	242	71	81	1	2	1	25	1	9	1
179	1388	241	243	72	242	3	11	3	69	3	32	3
180	1389	244	245	267	0	0	59	4	357	4	182	4
181	1391	245	246	89	0	0	2	1	21	1	9	1
182	1392	246	247	161	0	0	0	0	0	0	0	0
183	1393	247	248	17	0	0	3	1	38	1	13	1
184	1395	249	250	68	5	1	1	1	21	1	6	1
185	1396	250	251	57	259	6	19	6	107	6	60	6
186	1399	252	253	49	0	0	0	0	0	0	0	0
187	1400	253	254	82	92	3	10	3	71	3	32	3
188	1470	227	255	73	506	10	40	11	240	11	124	11
189	1471	256	226	116	86	2	5	2	36	2	15	2
190	1473	257	258	62	86	2	7	2	48	2	21	2
191	1474	259	260	117	0	0	0	0	0	0	0	0
192	1477	261	262	59	167	3	10	3	65	3	28	3
193	1478	261	263	52	328	5	17	5	131	5	50	5
194	1479	264	265	101	264	7	26	8	149	8	76	8
195	1481	213	266	134	81	1	2	1	20	1	10	1
196	1482	267	268	203	253	5	16	5	127	5	40	5
197	1496	269	270	49	425	1	155	1	1389	1	460	1
198	1502	271	272	74	425	1	161	1	1259	1	448	1
199	1603	273	103	63	242	3	11	3	94	3	30	3
200	1604	274	275	125	0	0	0	0	0	0	0	0
201	1605	276	277	76	161	2	6	2	60	2	21	2
202	1606	278	279	472	0	0	3	1	30	1	13	1
203	1607	280	281	262	0	0	0	0	0	0	0	0
204	1609	282	62	251	0	0	0	0	0	0	0	0
205	1734	283	284	141	5	1	1	1	20	1	6	1
206	1736	285	286	523	22	4	12	4	104	4	30	4
207	1737	286	287	107	5	1	2	1	30	1	10	1
208	2037	288	289	52	336	2	18	2	131	2	49	2
209	2038	289	290	12	81	1	2	1	29	1	10	1
210	2039	10	11	63	22	4	12	4	91	4	36	4
211	2040	291	292	122	807	10	42	11	322	11	126	11
212	2063	293	294	61	0	0	0	0	0	0	0	0
213	2064	295	296	14	526	5	62	14	354	14	174	14
214	2065	297	298	14	11	2	5	2	45	2	16	2
215	2088	299	280	566	81	1	15	1	118	1	38	1
216	2228	236	235	610	0	0	0	0	0	0	0	0
217	2230	233	300	29	0	0	0	0	0	0	0	0
218	2231	300	234	27	0	0	0	0	0	0	0	0
219	2232	173	167	616	0	0	0	0	0	0	0	0
220	2252	301	302	84	0	0	0	0	0	0	0	0
221	2253	302	303	54	0	0	0	0	0	0	0	0
222	2254	303	304	90	0	0	0	0	0	0	0	0
223	2255	302	305	171	356	10	41	11	332	11	107	11
224	2283	306	307	21	0	0	0	0	0	0	0	0
225	2284	307	308	74	0	0	204	8	1477	8	580	8
226	2285	309	310	144	130	10	38	11	305	11	124	11
227	2286	310	311	62	202	23	75	23	467	23	199	23
228	2287	155	312	66	0	0	0	0	0	0	0	0
229	2288	312	313	58	0	0	0	0	0	0	0	0
230	2289	313	314	17	0	0	0	0	0	0	0	0
231	2290	312	315	17	5	1	1	1	17	1	6	1
232	2291	314	316	35	38	7	21	7	179	7	66	7
233	2292	314	315	69	55	10	33	10	289	10	94	10
234	2293	315	317	51	132	24	88	24	586	24	226	24
235	2295	158	318	114	0	0	0	0	0	0	0	0
236	2296	318	319	75	1766	12	196	5	1172	5	594	5
237	2321	313	320	167	211	11	34	11	202	11	105	11
238	2322	40	321	28	0	0	1	1	19	1	5	1
239	2324	322	282	11	0	0	0	0	0	0	0	0
240	2531	323	324	180	161	2	7	2	51	2	22	2
241	2532	325	326	162	0	0	0	0	0	0	0	0
242	2533	327	328	108	97	4	12	4	82	4	37	4
243	2534	329	330	165	275	9	31	8	212	8	97	8
244	2535	331	332	10	11	2	4	2	33	2	13	2
245	2543	333	299	118	0	0	7	1	51	1	19	1
246	2545	335	336	51	255	1	100	21	747	21	272	21
247	2681	179	337	108	607	6	62	21	560	21	189	21
248	2682	303	338	179	598	13	56	13	380	13	161	13
249	2989	339	340	13	0	0	0	0	0	0	0	0
250	2990	341	340	12	0	0	0	0	0	0	0	0
251	3115	342	176	141	5	1	7	1	49	1	21	1
252	3117	169	175	331	0	0	0	0	0	0	0	0
253	3366	330	331	255	587	11	36	11	250	11	115	11
254	3367	343	323	17	0	0	0	0	0	0	0	0
255	3368	344	345	467	5	1	2	1	27	1	10	1
256	3415	346	347	141	345	8	27	8	213	8	75	8
257	3416	347	348	11	0	0	0	0	0	0	0	0
258	3417	348	349	33	5	1	1	1	13	1	6	1
259	3418	350	351	14	0	0	0	0	0	0	0	0
260	3419	351	352	67	490	7	25	7	205	7	79	7
261	3487	219	354	142	242	3	15	4	119	4	42	4
262	3488	354	355	46	0	0	0	0	0	0	0	0
263	3489	355	356	36	242	3	11	3	107	3	31	3
264	3590	358	359	155	0	0	0	0	0	0	0	0
265	3591	358	360	162	0	0	0	0	0	0	0	0
266	3593	360	359	39	0	0	0	0	0	0	0	0
267	3596	362	363	70	0	0	0	0	0	0	0	0
268	3604	361	364	107	0	0	0	0	0	0	0	0
269	3613	365	23	559	0	0	0	0	0	0	0	0
270	3642	366	367	821	183	6	20	7	144	7	53	7
271	3649	283	341	119	0	0	0	0	0	0	0	0
272	3651	368	369	623	86	2	6	2	40	2	19	2
273	3652	370	371	179	92	3	10	3	99	3	34	3
274	3653	372	368	164	5	1	1	1	20	1	6	1
275	3654	343	325	48	0	0	0	0	0	0	0	0
276	3655	373	344	131	103	5	14	5	96	5	45	5
277	3657	375	376	913	0	0	0	0	0	0	0	0
278	3658	377	378	663	242	3	10	3	61	3	28	3
279	3813	139	290	143	172	4	14	4	128	4	44	4
280	3814	140	379	65	5	1	1	1	14	1	6	1
281	3815	35	380	89	521	4	54	19	502	19	148	19
282	3816	381	382	57	81	1	7	1	42	1	20	1
283	3841	383	384	138	161	2	9	3	65	3	30	3
284	4038	328	385	515	495	8	35	8	302	8	107	8
285	4039	367	386	144	81	1	5	2	42	2	15	2
286	4040	387	328	601	81	1	2	1	26	1	9	1
287	4077	388	389	15	0	0	0	0	0	0	0	0
288	4078	389	390	65	86	2	5	2	41	2	18	2
289	4079	391	390	72	253	5	17	5	105	5	49	5
290	4080	390	392	42	0	0	0	0	0	0	0	0
291	4081	393	390	72	264	7	39	8	307	8	103	8
292	4082	394	388	43	275	9	31	10	286	10	99	10
293	4083	395	202	68	0	0	0	0	0	0	0	0
294	4084	396	397	136	517	12	40	13	326	13	101	13
295	4085	398	388	21	81	1	2	1	28	1	9	1
296	4086	204	399	44	183	6	15	6	120	6	49	6
297	4087	400	401	18	0	0	0	0	0	0	0	0
298	4088	401	402	18	0	0	0	0	0	0	0	0
299	4089	402	403	31	81	1	3	1	39	1	12	1
300	4090	404	405	127	431	10	35	11	241	11	95	11
301	4091	406	407	96	264	7	23	7	219	7	73	7
302	4092	12	408	76	259	6	20	6	144	6	58	6
303	4093	12	406	79	92	3	13	4	115	4	37	4
304	4094	12	409	78	178	5	14	5	121	5	44	5
305	4095	11	410	58	97	4	12	4	110	4	37	4
306	4096	406	32	77	22	4	13	4	74	4	37	4
307	4097	406	411	122	141	12	37	12	314	12	94	12
308	4098	178	30	148	178	5	20	6	174	6	61	6
309	4099	412	413	212	0	0	1	1	17	1	6	1
310	4100	414	212	21	0	0	0	0	0	0	0	0
311	4102	415	414	254	81	1	6	2	51	2	21	2
312	4103	416	412	235	242	3	27	4	190	4	77	4
313	4192	417	418	310	97	4	10	4	81	4	34	4
314	4193	418	419	130	0	0	0	0	0	0	0	0
315	4194	419	420	330	103	5	27	5	154	5	77	5
316	4195	421	3	200	844	8	117	13	677	13	305	13
317	4196	421	8	101	409	6	24	5	153	5	61	5
318	4197	8	140	9	0	0	0	0	0	0	0	0
319	4198	417	139	49	178	5	17	5	123	5	50	5
320	4200	422	24	178	409	6	23	6	141	6	76	6
321	4357	378	423	596	167	3	13	3	125	3	40	3
322	4358	25	424	408	161	2	8	2	71	2	28	2
323	4359	425	39	23	22	4	10	4	83	4	28	4
324	4360	105	426	77	5	1	2	1	23	1	9	1
325	4362	322	96	31	0	0	0	0	0	0	0	0
326	4363	96	427	100	0	0	0	0	0	0	0	0
327	5046	385	428	398	5	1	1	1	15	1	6	1
328	5586	429	329	47	0	0	0	0	0	0	0	0
329	5587	330	367	262	361	11	36	11	305	11	103	11
330	5588	367	430	60	5	1	1	1	21	1	6	1
331	5592	372	373	127	86	2	6	2	45	2	20	2
332	5593	372	431	124	512	11	35	11	218	11	100	11
333	5594	374	432	160	81	1	2	1	25	1	9	1
334	5595	433	377	948	22	4	18	6	107	6	53	6
335	5596	433	434	108	248	4	15	4	90	4	39	4
336	5662	434	435	213	0	0	0	0	0	0	0	0
337	5663	340	435	586	0	0	0	0	0	0	0	0
338	5664	435	436	708	183	6	19	6	120	6	53	6
339	5686	339	377	805	5	1	1	1	20	1	6	1
340	5689	370	327	32	5	1	2	1	27	1	10	1
341	5690	429	370	47	0	0	0	0	0	0	0	0
342	5691	326	429	428	194	8	120	15	995	15	381	15
343	5748	437	438	48	0	0	0	0	0	0	0	0
344	5749	326	285	178	0	0	0	0	0	0	0	0
345	5750	373	437	104	167	3	10	3	84	3	30	3
346	5751	344	439	144	248	4	14	4	91	4	45	4
347	5752	286	433	109	0	0	0	0	0	0	0	0
348	6107	362	49	177	81	1	3	1	38	1	13	1
349	6108	440	182	214	0	0	15	4	133	4	50	4
350	6109	181	182	85	0	0	0	0	0	0	0	0
351	6113	310	249	29	0	0	0	0	0	0	0	0
352	6114	441	442	17	0	0	0	0	0	0	0	0
353	6115	443	444	211	81	1	2	1	20	1	9	1
354	6221	446	447	18	0	0	0	0	0	0	0	0
355	6222	448	449	41	0	0	0	0	0	0	0	0
356	6224	447	448	43	0	0	0	0	0	0	0	0
357	6330	450	404	49	5	1	1	1	13	1	5	1
358	6332	450	451	64	500	9	47	9	355	9	128	9
359	6333	179	452	73	620	17	59	17	349	17	160	17
360	6335	453	454	15	0	0	0	0	0	0	0	0
361	6440	455	456	11	0	0	0	0	0	0	0	0
362	6441	457	458	12	0	0	0	0	0	0	0	0
363	6897	418	376	53	0	0	0	0	0	0	0	0
364	6898	459	460	58	166	3	16	3	106	3	48	3
365	6899	6	461	110	0	0	0	0	0	0	0	0
366	6900	32	462	168	350	9	33	10	196	10	100	10
367	6908	463	358	310	0	0	0	0	0	0	0	0
368	6909	101	90	69	0	0	0	0	0	0	0	0
369	6911	464	465	58	0	0	3	1	25	1	13	1
370	6913	5	382	222	86	2	7	2	55	2	22	2
371	6916	101	466	44	0	0	21	2	149	2	72	2
372	6917	467	210	22	86	2	5	2	44	2	17	2
373	6918	414	468	20	0	0	0	0	0	0	0	0
374	6983	383	444	371	787	20	75	20	478	20	200	20
375	6984	469	470	324	0	0	0	0	0	0	0	0
376	7066	179	472	87	0	0	0	0	0	0	0	0
377	7561	436	473	300	81	1	2	1	27	1	10	1
378	7721	476	474	36	86	2	6	2	47	2	21	2
379	7923	477	476	154	426	9	32	10	189	10	86	10
380	8623	478	270	72	0	0	0	0	0	0	0	0
381	8624	479	480	32	5	1	1	1	14	1	6	1
382	8625	481	482	34	0	0	0	0	0	0	0	0
383	8652	484	485	41	0	0	0	0	0	0	0	0
384	8653	485	486	34	11	2	4	2	40	2	12	2
385	8654	486	487	58	178	5	17	5	123	5	52	5
386	8655	488	484	90	86	2	5	2	34	2	16	2
387	8656	485	489	45	86	2	5	2	41	2	18	2
388	8657	486	490	120	437	11	47	13	368	13	137	13
389	8659	268	491	32	81	1	2	1	25	1	9	1
390	8660	491	492	67	259	6	21	6	143	6	57	6
391	8661	488	493	31	308	15	49	16	380	16	144	16
392	8662	270	494	125	425	1	154	1	878	1	431	1
393	8670	495	496	23	0	0	0	0	0	0	0	0
394	8671	497	496	67	242	3	9	3	63	3	28	3
395	8672	498	499	36	22	4	9	4	87	4	29	4
396	8673	499	481	59	103	5	14	5	88	5	45	5
397	8674	481	479	47	11	2	6	2	59	2	17	2
398	8675	267	481	63	81	1	2	1	31	1	9	1
399	8676	500	478	36	161	2	7	2	61	2	21	2
400	8680	502	216	156	495	8	28	8	170	8	88	8
401	8681	219	224	11	0	0	0	0	0	0	0	0
402	8682	227	503	7	0	0	0	0	0	0	0	0
403	8686	226	153	34	81	1	3	1	41	1	11	1
404	8694	505	506	85	264	7	22	7	185	7	67	7
405	8695	265	507	45	81	1	1	1	15	1	5	1
406	8696	265	508	93	409	6	33	9	215	9	94	9
407	8697	509	510	32	81	1	2	1	27	1	10	1
408	8698	484	509	36	86	2	7	2	62	2	21	2
409	8699	489	294	253	0	0	11	1	81	1	34	1
410	8700	294	504	45	0	0	0	0	0	0	0	0
411	8702	221	511	67	5	1	1	1	17	1	6	1
412	8703	213	293	51	0	0	0	0	0	0	0	0
413	8773	512	189	193	0	0	0	0	0	0	0	0
414	8774	118	513	148	253	5	18	5	153	5	55	5
415	8775	514	278	74	0	0	0	0	0	0	0	0
416	8776	94	118	118	253	5	19	6	106	6	58	6
417	8777	118	515	62	86	2	7	2	48	2	25	2
418	8778	149	130	75	345	8	23	8	146	8	74	8
419	8780	134	516	147	97	4	10	4	100	4	30	4
420	8781	516	517	44	81	1	3	1	32	1	13	1
421	8782	518	149	36	5	1	1	1	21	1	5	1
422	8785	519	520	40	16	3	10	3	96	3	31	3
423	8786	521	522	39	5	1	2	1	25	1	8	1
424	8788	199	523	23	0	0	0	0	0	0	0	0
425	8789	524	400	54	86	2	6	2	64	2	18	2
426	8790	525	524	68	0	0	0	0	0	0	0	0
427	8791	526	280	11	0	0	0	0	0	0	0	0
428	8792	415	527	162	81	1	3	1	35	1	11	1
429	8793	526	528	107	0	0	0	0	0	0	0	0
430	8794	398	529	49	242	3	13	4	94	4	40	4
431	8795	389	530	50	173	4	17	5	143	5	47	5
432	8827	531	495	46	0	0	0	0	0	0	0	0
433	8828	531	497	134	404	5	19	5	173	5	53	5
434	8829	532	497	137	501	9	33	10	293	10	92	10
435	8830	533	532	13	0	0	0	0	0	0	0	0
436	8831	533	534	159	2105	27	92	27	678	27	250	27
437	8836	535	536	52	81	1	7	2	72	2	20	2
438	8837	537	536	118	1211	15	53	15	337	15	154	15
439	8838	538	537	13	81	1	2	1	30	1	10	1
440	8839	539	540	11	81	1	2	1	32	1	9	1
441	8843	541	489	205	0	0	0	0	0	0	0	0
442	8844	542	527	103	81	1	9	2	73	2	30	2
443	8845	502	353	68	242	3	14	4	89	4	43	4
444	8846	511	502	20	0	0	0	0	0	0	0	0
445	8847	511	543	28	86	2	5	2	55	2	15	2
446	8848	544	545	210	1135	15	70	17	375	17	177	17
447	8850	543	544	56	0	0	0	0	0	0	0	0
448	8851	546	547	163	593	12	39	12	310	12	116	12
449	8852	548	528	100	0	0	0	0	0	0	0	0
450	8853	549	306	89	0	0	6	2	56	2	20	2
451	8854	550	551	89	167	3	9	3	67	3	26	3
452	8855	352	346	12	0	0	0	0	0	0	0	0
453	8856	349	350	31	86	2	6	2	49	2	22	2
454	8857	552	553	175	0	0	0	0	0	0	0	0
455	8858	554	549	69	161	2	10	3	77	3	30	3
456	8860	555	541	72	161	2	8	2	59	2	28	2
457	8861	556	557	57	161	2	6	2	42	2	21	2
458	8863	536	556	22	81	1	2	1	26	1	9	1
459	8864	558	556	45	1246	35	104	37	735	37	296	37
460	8866	471	470	20	0	0	0	0	0	0	0	0
461	8904	559	560	75	0	0	0	0	0	0	0	0
462	8907	561	364	34	0	0	0	0	0	0	0	0
463	8908	359	361	51	0	0	0	0	0	0	0	0
464	8911	562	357	65	0	0	0	0	0	0	0	0
465	8949	563	119	408	0	0	0	0	0	0	0	0
466	9312	355	564	35	334	6	34	9	214	9	104	9
467	9313	16	565	123	81	1	2	1	32	1	9	1
468	9314	16	566	187	905	14	50	14	373	14	135	14
469	9315	565	17	77	103	5	20	5	175	5	55	5
470	9316	17	567	59	161	2	7	2	74	2	21	2
471	9378	291	570	7	0	0	0	0	0	0	0	0
472	9383	105	571	304	0	0	15	1	115	1	40	1
473	9386	571	563	51	0	0	0	0	0	0	0	0
474	9428	144	276	23	0	0	0	0	0	0	0	0
475	9695	186	126	31	0	0	0	0	0	0	0	0
476	9771	24	25	45	11	2	4	2	36	2	13	2
477	9772	572	154	25	81	1	3	1	26	1	12	1
478	9804	574	575	53	259	6	20	6	118	6	56	6
479	9805	26	574	94	114	7	21	7	152	7	53	7
480	9836	562	322	382	0	0	0	0	0	0	0	0
481	9837	322	526	518	11	2	5	2	33	2	17	2
482	9838	526	260	564	0	0	4	2	43	2	13	2
483	9902	576	301	79	2041	29	80	30	604	30	242	30
484	9903	559	577	129	1790	38	89	38	560	38	225	38
485	9912	578	579	82	11	2	4	2	33	2	12	2
486	9913	578	580	102	1120	10	217	10	1218	10	562	10
487	9914	472	581	7	0	0	0	0	0	0	0	0
488	9915	581	582	73	1551	22	86	22	715	22	248	22
489	9916	581	583	66	0	0	0	0	0	0	0	0
490	9917	583	584	84	1949	26	88	26	656	26	240	26
491	9918	404	585	23	5	1	1	1	21	1	6	1
492	9919	585	586	85	2035	28	85	28	588	28	231	28
493	9933	300	171	194	0	0	0	0	0	0	0	0
494	9934	172	164	408	81	1	3	1	40	1	12	1
495	9935	587	588	658	0	0	94	6	620	6	278	6
496	9954	23	376	673	0	0	0	0	0	0	0	0
497	9955	589	417	64	81	1	2	1	30	1	9	1
498	9956	19	590	92	81	1	2	1	31	1	10	1
499	9957	591	592	49	11	2	6	2	48	2	19	2
500	9958	18	21	117	161	2	7	2	47	2	23	2
501	9959	19	18	49	0	0	0	0	0	0	0	0
502	9960	592	593	129	81	1	3	1	36	1	11	1
503	9962	22	592	132	126	23	86	23	756	23	219	23
504	9963	6	4	23	0	0	0	0	0	0	0	0
505	9964	44	572	41	404	5	17	5	153	5	49	5
506	9965	594	288	81	328	5	18	5	123	5	58	5
507	9966	290	595	51	11	2	8	2	54	2	25	2
508	9967	595	596	55	0	0	15	1	93	1	42	1
509	9968	7	597	21	44	8	22	8	127	8	59	8
510	9970	598	291	22	0	0	0	0	0	0	0	0
511	9971	585	13	57	81	1	2	1	21	1	9	1
512	9972	477	450	33	5	1	3	1	33	1	13	1
513	9973	599	31	30	5	1	1	1	15	1	5	1
514	9974	31	600	138	437	11	41	11	337	11	108	11
515	9975	32	601	117	431	10	33	11	225	11	90	11
516	9976	466	320	61	97	4	12	4	88	4	32	4
517	9977	320	40	27	0	0	0	0	0	0	0	0
518	9978	39	602	71	200	9	23	9	205	9	71	9
519	9979	166	45	849	0	0	0	0	0	0	0	0
520	9981	603	50	237	86	2	5	2	38	2	16	2
521	9985	604	146	58	167	3	12	3	81	3	33	3
522	9986	146	273	39	5	1	1	1	14	1	5	1
523	9987	117	109	113	528	14	50	14	431	14	155	14
524	9988	279	563	199	0	0	2	1	32	1	10	1
525	9990	109	104	18	81	1	2	1	22	1	9	1
526	9991	117	605	42	130	10	36	10	276	10	96	10
527	9992	606	518	41	172	4	12	4	110	4	33	4
528	9994	607	516	50	178	5	13	5	110	5	38	5
529	9995	516	608	51	183	6	17	6	122	6	51	6
530	9998	518	609	37	339	7	24	7	168	7	72	7
531	10000	56	610	143	506	10	33	10	208	10	101	10
532	10201	611	100	45	38	7	20	7	130	7	56	7
533	10227	612	368	603	86	2	6	2	51	2	17	2
534	10233	51	423	661	11	2	6	2	42	2	20	2
535	10326	565	613	184	571	8	27	8	155	8	71	8
536	10327	320	614	69	222	13	45	13	390	13	117	13
537	10367	615	472	116	515	3	60	21	530	21	189	21
538	10385	616	617	139	1152	28	130	30	928	30	411	30
539	10417	618	619	56	92	3	8	3	57	3	22	3
540	10422	318	620	18	0	0	0	0	0	0	0	0
541	10423	620	621	38	167	3	9	3	70	3	32	3
542	10424	622	238	117	5	1	1	1	15	1	5	1
543	10425	304	623	61	0	0	0	0	0	0	0	0
544	10426	623	624	84	0	0	0	0	0	0	0	0
545	10427	624	237	5	0	0	0	0	0	0	0	0
546	10428	237	625	81	905	14	54	14	375	14	144	14
547	10429	624	626	178	1776	22	85	23	732	23	239	23
548	10430	623	627	53	565	7	30	7	202	7	80	7
549	10431	304	628	151	1787	31	77	31	698	31	208	31
550	10432	583	629	5	0	0	0	0	0	0	0	0
551	10438	591	630	40	0	0	0	0	0	0	0	0
552	10439	21	591	15	0	0	0	0	0	0	0	0
553	10440	630	631	54	253	5	18	5	160	5	59	5
554	10441	630	632	33	81	1	2	1	22	1	10	1
555	10442	633	634	52	259	6	22	6	140	6	58	6
556	10443	633	635	30	178	5	20	5	126	5	58	5
557	10488	514	105	171	0	0	0	0	0	0	0	0
558	10493	62	514	271	0	0	0	0	0	0	0	0
559	10494	636	637	41	345	8	24	8	154	8	79	8
560	10495	638	636	40	97	4	13	4	77	4	38	4
561	10496	522	636	38	161	2	6	2	45	2	22	2
562	10497	63	639	73	409	6	22	6	144	6	67	6
563	10501	121	640	89	270	8	23	8	132	8	70	8
564	10502	67	69	64	0	0	0	0	0	0	0	0
565	10503	641	73	26	97	4	9	4	70	4	32	4
566	10504	123	78	19	5	1	1	1	15	1	5	1
567	10505	642	120	62	108	6	23	7	157	7	61	7
568	10506	122	643	20	5	1	1	1	15	1	6	1
569	10507	185	644	183	0	0	0	0	0	0	0	0
570	10508	131	133	38	5	1	2	1	26	1	10	1
571	10509	134	86	33	81	1	2	1	20	1	8	1
572	10511	189	185	49	0	0	0	0	0	0	0	0
573	10512	84	120	38	183	6	17	6	141	6	44	6
574	10514	129	644	14	0	0	0	0	0	0	0	0
575	10516	645	92	77	5	1	1	1	19	1	6	1
576	10517	91	15	117	161	2	10	3	97	3	32	3
577	10518	97	646	96	0	0	0	0	0	0	0	0
578	10519	466	611	179	372	13	43	13	297	13	130	13
579	10529	647	519	37	183	6	21	6	122	6	56	6
580	10530	648	519	38	5	1	1	1	18	1	6	1
581	10531	648	649	41	97	4	9	4	73	4	28	4
582	10532	650	651	43	172	4	11	4	69	4	31	4
583	10533	652	653	50	86	2	9	3	80	3	29	3
584	10534	522	654	36	248	4	13	4	120	4	39	4
585	10873	465	180	201	5	1	1	1	13	1	6	1
586	10874	244	42	128	0	0	0	0	0	0	0	0
587	10875	655	244	28	0	0	0	0	0	0	0	0
588	10877	52	656	508	0	0	7	1	43	1	21	1
589	10878	246	180	400	0	0	0	0	0	0	0	0
590	10894	266	657	99	345	8	32	8	206	8	91	8
591	10895	266	658	80	673	13	49	13	400	13	136	13
592	10896	658	659	36	194	8	33	8	256	8	91	8
593	10897	659	660	35	97	4	17	5	115	5	46	5
594	10975	646	214	80	0	0	0	0	0	0	0	0
595	10999	588	164	25	0	0	0	0	0	0	0	0
596	11000	165	588	49	0	0	0	0	0	0	0	0
597	11032	661	662	23	81	1	2	1	27	1	9	1
598	11033	663	521	31	0	0	0	0	0	0	0	0
599	11034	197	663	13	0	0	0	0	0	0	0	0
600	11035	664	661	14	323	4	14	4	127	4	44	4
601	11036	523	663	40	86	2	10	3	92	3	36	3
602	11037	662	523	50	242	3	9	3	81	3	30	3
603	11038	662	665	26	501	9	32	9	270	9	85	9
604	11039	521	63	9	0	0	0	0	0	0	0	0
605	11040	648	402	42	81	1	2	1	21	1	9	1
606	11041	652	650	29	11	2	5	2	49	2	15	2
607	11042	400	650	38	167	3	8	3	74	3	22	3
608	11043	666	528	160	0	0	44	4	386	4	118	4
609	11044	667	398	122	264	7	22	7	176	7	69	7
610	11045	668	669	39	22	4	14	4	110	4	47	4
611	11046	670	202	68	328	5	16	5	102	5	53	5
612	11047	395	397	28	27	5	12	5	110	5	35	5
613	11048	397	669	54	172	4	15	4	132	4	41	4
614	11049	671	669	5	5	1	1	1	13	1	6	1
615	11050	201	392	134	0	0	0	0	0	0	0	0
616	11051	392	672	115	81	1	3	1	41	1	13	1
617	11052	208	205	40	103	5	15	5	107	5	45	5
618	11053	673	205	53	33	6	22	6	140	6	54	6
619	11054	524	192	33	0	0	0	0	0	0	0	0
620	11055	205	192	42	0	0	0	0	0	0	0	0
621	11056	674	652	8	92	3	9	3	64	3	29	3
622	11057	210	401	38	81	1	2	1	24	1	10	1
623	11058	415	412	132	161	2	14	2	110	2	38	2
624	11059	416	468	111	0	0	0	0	0	0	0	0
625	11060	427	416	60	81	1	3	1	32	1	11	1
626	11061	427	675	107	0	0	7	1	45	1	23	1
627	11064	675	646	60	0	0	0	0	0	0	0	0
628	11340	335	676	168	1020	4	32	5	197	5	90	5
629	11347	677	331	9	5	1	1	1	15	1	5	1
630	11348	327	329	55	0	0	0	0	0	0	0	0
631	11349	371	678	107	5	1	2	1	25	1	10	1
632	11350	323	325	69	0	0	0	0	0	0	0	0
633	11352	298	679	13	5	1	5	2	53	2	15	2
634	11353	296	680	13	11	2	26	8	200	8	76	8
635	11354	293	681	42	242	3	13	4	118	4	37	4
636	11382	682	445	152	5	1	11	1	81	1	34	1
637	11383	445	141	62	0	0	0	0	0	0	0	0
638	11462	477	599	44	0	0	0	0	0	0	0	0
639	11463	599	683	74	510	2	46	17	310	17	140	17
640	11465	13	598	61	5	1	3	1	32	1	12	1
641	11540	45	47	113	0	0	0	0	0	0	0	0
642	11541	36	43	190	1740	29	85	29	482	29	256	29
643	11542	43	160	79	587	11	37	11	283	11	105	11
644	11619	354	220	21	0	0	0	0	0	0	0	0
645	11620	221	216	67	242	3	15	4	130	4	42	4
646	11621	258	222	94	33	6	18	6	131	6	52	6
647	11622	223	688	42	86	2	5	2	55	2	17	2
648	11623	224	503	86	172	4	16	4	117	4	47	4
649	11624	257	503	34	5	1	1	1	18	1	6	1
650	11626	444	682	91	5	1	1	1	19	1	6	1
651	11627	689	258	26	5	1	4	2	42	2	12	2
652	11630	690	547	67	345	8	23	8	189	8	73	8
653	11631	547	395	60	259	6	21	6	126	6	65	6
654	11632	691	692	52	1020	4	80	10	636	10	250	10
655	11633	306	693	68	0	0	11	3	105	3	35	3
656	11635	550	694	287	1829	57	91	57	663	57	265	57
657	11636	550	349	51	0	0	0	0	0	0	0	0
658	11637	306	695	67	81	1	2	1	20	1	10	1
659	11639	554	695	91	81	1	10	3	83	3	30	3
660	11874	560	301	23	0	0	0	0	0	0	0	0
661	11875	10	696	152	178	5	14	5	116	5	39	5
662	11880	280	282	516	0	0	0	0	0	0	0	0
663	11882	512	525	17	0	0	0	0	0	0	0	0
664	11883	525	281	15	0	0	0	0	0	0	0	0
665	11884	281	672	14	0	0	0	0	0	0	0	0
666	11885	672	512	17	0	0	0	0	0	0	0	0
667	11886	125	274	15	0	0	0	0	0	0	0	0
668	11887	144	697	51	161	2	6	2	46	2	22	2
669	11888	644	125	17	0	0	0	0	0	0	0	0
670	11889	274	129	18	0	0	0	0	0	0	0	0
671	11890	277	698	212	5	1	1	1	21	1	6	1
672	11891	273	699	45	81	1	1	1	21	1	6	1
673	11922	386	700	184	86	2	5	2	40	2	17	2
674	11923	700	701	482	86	2	9	3	82	3	28	3
675	11967	430	702	741	11	2	4	2	33	2	13	2
676	11968	702	434	33	0	0	0	0	0	0	0	0
677	11969	691	553	21	0	0	0	0	0	0	0	0
678	11972	552	555	19	0	0	0	0	0	0	0	0
679	11973	555	469	20	0	0	0	0	0	0	0	0
680	11974	551	552	20	0	0	0	0	0	0	0	0
681	11975	469	551	20	0	0	0	0	0	0	0	0
682	11976	548	691	19	0	0	0	0	0	0	0	0
683	11977	553	693	19	0	0	0	0	0	0	0	0
684	11978	693	548	20	0	0	0	0	0	0	0	0
685	12062	250	703	63	0	0	0	0	0	0	0	0
686	12063	160	704	46	760	15	48	15	443	15	144	15
687	12064	703	705	8	0	0	0	0	0	0	0	0
688	12065	705	616	7	0	0	0	0	0	0	0	0
689	12066	616	703	14	0	0	0	0	0	0	0	0
690	12067	705	162	128	1530	6	91	10	512	10	267	10
691	12068	100	99	16	0	0	0	0	0	0	0	0
692	12069	99	706	37	314	16	53	16	451	16	167	16
693	12070	611	309	10	0	0	0	0	0	0	0	0
694	12071	309	707	33	400	18	66	18	519	18	198	18
695	12077	285	375	523	81	1	1	1	13	1	6	1
696	12079	342	708	151	81	1	2	1	27	1	8	1
697	12081	143	604	84	5	1	2	1	30	1	10	1
698	12082	604	709	63	248	4	13	4	95	4	42	4
699	12117	710	145	9	5	1	3	1	25	1	13	1
700	12118	145	711	70	183	6	19	6	115	6	53	6
701	12157	712	554	71	86	2	9	3	62	3	27	3
702	12158	541	686	42	248	4	13	4	86	4	42	4
703	12159	713	714	77	0	0	65	4	506	4	158	4
704	12164	507	261	31	81	1	2	1	25	1	9	1
705	12165	507	505	26	0	0	0	0	0	0	0	0
706	12166	505	504	50	81	1	3	1	37	1	11	1
707	12167	509	715	173	651	9	37	11	227	11	113	11
708	12169	268	488	43	81	1	2	1	27	1	10	1
709	12170	491	716	85	259	6	23	6	169	6	62	6
710	12186	717	495	88	1453	18	60	18	378	18	169	18
711	12187	532	471	44	167	3	10	3	78	3	33	3
712	12188	496	533	56	0	0	0	0	0	0	0	0
713	12189	499	298	30	5	1	1	1	20	1	6	1
714	12190	267	478	94	86	2	12	4	68	4	33	4
715	12192	718	483	116	167	3	9	3	80	3	25	3
716	12193	478	483	86	81	1	8	2	58	2	27	2
717	12194	479	296	30	86	2	5	2	43	2	18	2
718	12195	270	719	38	425	1	161	1	1004	1	408	1
719	12203	539	557	125	1297	17	63	18	385	18	177	18
720	12206	470	535	20	0	0	0	0	0	0	0	0
721	12525	720	721	115	0	0	65	4	356	4	177	4
722	12526	721	61	135	0	0	0	0	0	0	0	0
723	12528	438	722	271	5	1	1	1	17	1	5	1
724	12529	722	343	127	0	0	0	0	0	0	0	0
725	12550	339	341	10	0	0	0	0	0	0	0	0
726	12554	275	277	83	0	0	0	0	0	0	0	0
727	12580	446	587	29	0	0	0	0	0	0	0	0
728	12583	447	449	11	0	0	0	0	0	0	0	0
729	12586	655	441	70	0	0	0	0	0	0	0	0
730	12587	442	463	110	0	0	0	0	0	0	0	0
731	12588	463	453	111	0	0	0	0	0	0	0	0
732	12589	442	453	15	0	0	0	0	0	0	0	0
733	12590	365	455	104	0	0	0	0	0	0	0	0
734	12591	655	456	70	0	0	0	0	0	0	0	0
735	12592	456	441	14	0	0	0	0	0	0	0	0
736	12593	365	458	103	0	0	0	0	0	0	0	0
737	12594	590	457	22	0	0	0	0	0	0	0	0
738	12595	590	454	22	0	0	0	0	0	0	0	0
739	12596	454	457	14	0	0	0	0	0	0	0	0
740	12597	458	455	14	0	0	0	0	0	0	0	0
741	12672	2	594	23	0	0	0	0	0	0	0	0
742	12673	2	589	24	0	0	0	0	0	0	0	0
743	12674	594	589	21	0	0	0	0	0	0	0	0
744	12675	461	459	67	0	0	0	0	0	0	0	0
745	12680	49	440	204	0	0	0	0	0	0	0	0
746	12681	440	723	225	0	0	84	12	587	12	216	12
747	12682	363	156	107	0	0	0	0	0	0	0	0
748	12683	620	28	57	0	0	0	0	0	0	0	0
749	12684	724	159	204	5	1	2	1	27	1	9	1
750	12685	178	28	104	11	2	5	2	48	2	16	2
751	12706	334	725	366	0	0	15	2	133	2	43	2
752	12709	725	259	13	0	0	0	0	0	0	0	0
753	12710	726	333	14	0	0	0	0	0	0	0	0
754	12711	725	726	13	0	0	0	0	0	0	0	0
755	12712	259	333	14	0	0	0	0	0	0	0	0
756	12831	321	727	20	0	0	11	5	77	5	33	5
757	12832	728	321	24	255	1	3	2	38	2	11	2
758	12833	249	36	115	0	0	0	0	0	0	0	0
759	12834	363	382	228	0	0	0	0	0	0	0	0
760	12835	50	729	244	81	1	3	1	31	1	12	1
761	12839	60	720	24	0	0	0	0	0	0	0	0
762	12840	194	730	169	1020	4	98	12	808	12	284	12
763	12950	459	4	62	0	0	0	0	0	0	0	0
764	13050	152	731	40	108	6	17	6	151	6	55	6
765	13076	141	732	559	0	0	1	1	18	1	6	1
766	13126	482	335	40	0	0	0	0	0	0	0	0
767	13138	567	568	52	81	1	3	1	35	1	12	1
768	13139	567	684	50	11	2	5	2	36	2	16	2
769	13140	560	733	49	0	0	0	0	0	0	0	0
770	13141	733	734	109	506	10	36	10	330	10	114	10
771	13142	733	735	100	259	6	23	6	173	6	72	6
772	13234	570	559	129	5	1	2	1	30	1	9	1
773	13249	18	252	73	0	0	0	0	0	0	0	0
774	13250	253	633	158	760	15	61	16	420	16	165	16
775	13251	736	737	127	275	9	37	9	241	9	100	9
776	13258	252	736	45	86	2	6	2	41	2	18	2
777	13259	736	738	38	86	2	8	2	52	2	26	2
778	13260	621	739	82	431	10	36	10	215	10	96	10
779	13261	621	740	83	0	0	0	0	0	0	0	0
780	13262	740	741	49	183	6	22	6	183	6	60	6
781	13263	742	618	25	11	2	6	2	58	2	21	2
782	13264	742	743	33	86	2	5	2	54	2	15	2
783	13265	744	742	26	5	1	2	1	25	1	10	1
784	13266	745	744	28	5	1	4	2	28	2	14	2
785	13268	629	745	31	5	1	1	1	21	1	5	1
786	13269	618	746	32	11	2	6	2	47	2	19	2
787	13270	745	747	33	161	2	6	2	59	2	19	2
788	13271	744	748	29	161	2	6	2	47	2	19	2
789	13272	627	749	50	646	8	34	8	307	8	95	8
790	13273	627	750	23	81	1	3	1	34	1	12	1
791	13276	239	751	51	567	21	67	21	631	21	212	21
792	-13	545	543	1	0	0	0	0	0	0	0	0
793	-16	676	482	1	0	0	0	0	0	0	0	0
794	-19	698	275	1	0	0	0	0	0	0	0	0
795	-20	739	740	1	0	0	0	0	0	0	0	0
796	-21	49	52	731	0	0	0	0	0	0	0	0
797	-22	7	461	122	0	0	0	0	0	0	0	0
798	-25	159	236	435	0	0	0	0	0	0	0	0
799	-28	159	229	121	0	0	0	0	0	0	0	0
800	-31	180	181	378	0	0	0	0	0	0	0	0
801	-32	126	189	75	0	0	0	0	0	0	0	0
802	-33	234	231	32	0	0	0	0	0	0	0	0
803	-34	235	561	607	0	0	0	0	0	0	0	0
804	-35	235	361	650	0	0	0	0	0	0	0	0
805	-36	334	726	376	0	0	0	0	0	0	0	0
806	-39	168	446	361	0	0	0	0	0	0	0	0
807	-40	177	445	498	0	0	0	0	0	0	0	0
808	-42	282	357	383	0	0	0	0	0	0	0	0
809	-44	360	357	208	0	0	0	0	0	0	0	0
810	-45	374	368	340	0	0	0	0	0	0	0	0
811	-46	183	448	594	0	0	0	0	0	0	0	0
812	-47	449	656	50	0	0	0	0	0	0	0	0
813	-48	46	180	776	0	0	0	0	0	0	0	0
814	-49	471	535	38	0	0	0	0	0	0	0	0
815	-51	578	276	52	0	0	0	0	0	0	0	0
816	-52	238	51	397	0	0	0	0	0	0	0	0
817	-53	483	271	77	0	0	0	0	0	0	0	0
818	-55	342	52	220	0	0	0	0	0	0	0	0
819	-56	504	353	201	0	0	0	0	0	0	0	0
820	-58	239	157	355	0	0	0	0	0	0	0	0
821	-59	562	364	52	0	0	0	0	0	0	0	0
822	-62	561	214	174	0	0	0	0	0	0	0	0
823	-63	468	212	39	0	0	0	0	0	0	0	0
824	-65	259	714	245	0	0	0	0	0	0	0	0
825	-66	33	34	2	0	0	0	0	0	0	0	0
826	56	752	34	159	264	7	23	7	206	7	72	7
827	-73	33	752	1	0	0	0	0	0	0	0	0
828	-67	65	66	2	0	0	0	0	0	0	0	0
829	95	753	66	203	97	4	13	5	98	5	41	5
830	-74	65	753	1	0	0	0	0	0	0	0	0
831	-68	113	114	2	0	0	0	0	0	0	0	0
832	158	754	114	96	490	7	32	9	221	9	91	9
833	-75	113	754	1	0	0	0	0	0	0	0	0
834	-69	474	475	2	0	0	0	0	0	0	0	0
835	7720	755	475	74	92	3	10	3	78	3	30	3
836	-76	474	755	1	0	0	0	0	0	0	0	0
837	-54	500	501	73	0	0	0	0	0	0	0	0
838	8677	756	501	205	760	15	56	16	412	16	152	16
839	-77	500	756	1	0	0	0	0	0	0	0	0
840	-70	568	569	2	0	0	0	0	0	0	0	0
841	9317	757	569	67	404	5	17	5	138	5	45	5
842	-78	568	757	1	0	0	0	0	0	0	0	0
843	11484	759	685	63	103	5	20	5	121	5	51	5
844	-71	684	685	2	0	0	0	0	0	0	0	0
845	-79	37	758	1	0	0	0	0	0	0	0	0
846	9800	758	573	158	850	2	160	4	1020	4	483	4
847	-60	37	573	117	0	0	0	0	0	0	0	0
848	-81	686	760	1	0	0	0	0	0	0	0	0
849	11585	760	687	280	372	13	43	13	261	13	123	13
850	-72	686	687	2	0	0	0	0	0	0	0	0
851	-80	684	759	1	0	0	0	0	0	0	0	0
END				
-----------------------------------------				
InputUsedToGenerateTheGraph:				
County:	Odense			
CenterNodeId:	2803			
Radius:	4000			
HouseTypes:	Normal	Summer	Apartment	
NumberOfWasteFractions: 2				
IntervalsForWasteFraction:	paper	14.0	28.0	
IntervalsForWasteFraction:	general	3.5	7.0	14.0
-----------------------------------------				


