ProblemType:	MC-CARP
NumberNodes:	812
NumberEdges:	1124
DepotNodeNumber:	0
NumberOfFractions:	6
NumberOfIntervalsForFraction	General	1	14
NumberOfIntervalsForFraction	Organic	1	14
NumberOfIntervalsForFraction	Plastic	1	14
NumberOfIntervalsForFraction	Glass	1	14
NumberOfIntervalsForFraction	Metal	1	14
NumberOfIntervalsForFraction	Paper	1	14
GRAPH
EdgeNumber	EdgeId	StartNodeNumber	EndNodeNumber	Cost	Demand_0	Bins_0
	Demand_1	Bins_1
	Demand_2	Bins_2
	Demand_3	Bins_3
	Demand_4	Bins_4
	Demand_5	Bins_5
START
0	0	0	1	41	0	0	0	0	0	0	0	0	0	0	0	0
1	5	2	3	15	0	0	0	0	0	0	0	0	0	0	0	0
2	6	3	4	97	15476	28	0	0	0	0	0	0	0	0	0	0
3	7	5	6	89	0	0	0	0	0	0	0	0	0	0	0	0
4	11	7	8	54	0	0	0	0	0	0	0	0	0	0	0	0
5	12	9	10	204	2040	2	0	0	680	3	0	0	340	2	2040	4
6	13	9	11	10	0	0	0	0	0	0	0	0	0	0	0	0
7	14	11	8	10	0	0	0	0	0	0	0	0	0	0	0	0
8	16	12	13	181	39510	40	0	0	1224	7	0	0	1292	7	3060	6
9	20	14	15	122	37978	21	0	0	1462	7	0	0	1122	5	3570	7
10	21	16	17	33	0	0	0	0	510	5	0	0	204	2	816	4
11	25	18	19	55	16940	20	0	0	1275	5	0	0	1020	5	3570	7
12	26	20	18	50	0	0	0	0	0	0	0	0	0	0	0	0
13	27	21	22	174	8160	4	0	0	765	3	1246	1	170	1	2550	5
14	28	23	21	99	40020	24	0	0	340	1	0	0	340	1	2040	4
15	29	21	24	35	3104	1	0	0	0	0	1246	1	0	0	1020	2
16	30	25	26	119	4420	5	0	0	1190	5	0	0	646	5	2754	6
17	31	27	25	55	0	0	0	0	0	0	0	0	0	0	0	0
18	32	25	28	141	0	0	0	0	0	0	0	0	0	0	0	0
19	33	6	29	39	11724	29	0	0	0	0	0	0	0	0	0	0
20	36	29	11	17	0	0	0	0	0	0	0	0	0	0	0	0
21	38	30	31	215	9350	16	1224	12	599	8	0	0	599	8	1377	15
22	39	31	32	484	13278	47	2632	40	1027	21	0	0	908	17	2052	43
23	41	33	34	3	0	0	0	0	0	0	1700	1	0	0	0	0
24	42	34	35	162	0	0	0	0	0	0	0	0	0	0	0	0
25	48	36	37	79	4896	4	102	1	153	2	0	0	221	2	561	2
26	49	38	39	54	0	0	0	0	0	0	0	0	0	0	0	0
27	50	39	40	17	10200	5	0	0	0	0	0	0	0	0	0	0
28	52	41	42	152	19588	20	0	0	629	4	0	0	765	4	2550	5
29	53	43	44	98	30060	19	0	0	2210	4	1870	1	2295	4	1020	2
30	54	45	46	86	0	0	0	0	0	0	0	0	0	0	0	0
31	57	47	41	61	0	0	0	0	0	0	0	0	0	0	0	0
32	58	48	44	119	14902	10	0	0	170	1	1870	1	170	1	510	1
33	59	49	50	107	7308	9	0	0	272	2	0	0	340	2	1020	2
34	60	46	51	63	0	0	0	0	0	0	0	0	0	0	0	0
35	61	52	47	166	22942	40	0	0	714	4	0	0	697	4	2958	7
36	62	51	53	23	0	0	0	0	0	0	0	0	0	0	0	0
37	63	54	55	79	0	0	0	0	0	0	0	0	0	0	0	0
38	64	42	56	93	408	1	0	0	0	0	0	0	0	0	0	0
39	65	57	58	140	24522	30	0	0	1275	9	0	0	1394	9	3616	13
40	66	59	48	90	8248	4	0	0	510	1	0	0	255	1	1020	2
41	67	60	61	226	3264	8	0	0	102	1	0	0	170	1	510	1
42	68	53	62	84	16184	16	0	0	357	2	0	0	272	2	1122	4
43	69	58	52	153	23031	21	0	0	782	7	0	0	1079	7	3264	7
44	70	44	57	111	15472	16	0	0	595	3	0	0	680	3	2040	4
45	71	63	64	69	0	0	0	0	0	0	0	0	0	0	0	0
46	72	64	54	6	0	0	0	0	0	0	0	0	0	0	0	0
47	73	62	63	22	8500	5	0	0	425	2	0	0	170	1	1020	2
48	74	61	59	111	21410	27	0	0	1020	8	0	0	1054	7	3468	8
49	75	55	60	213	8302	12	0	0	544	4	0	0	612	4	2040	4
50	76	50	45	45	0	0	0	0	0	0	0	0	0	0	0	0
51	77	65	66	75	0	0	0	0	0	0	0	0	0	0	0	0
52	78	67	68	147	0	0	0	0	0	0	0	0	0	0	0	0
53	81	69	70	58	6120	6	0	0	0	0	0	0	0	0	0	0
54	82	71	72	55	28737	12	0	0	425	2	0	0	340	2	1020	2
55	83	73	72	62	23672	10	0	0	765	3	0	0	612	4	1530	3
56	84	74	75	19	21815	50	0	0	3485	9	0	0	1782	10	3733	12
57	85	72	74	57	2720	2	0	0	0	0	0	0	0	0	0	0
58	86	76	70	56	0	0	0	0	0	0	3825	5	0	0	0	0
59	87	75	76	9	0	0	0	0	0	0	0	0	0	0	0	0
60	89	77	69	194	2040	2	0	0	170	1	0	0	102	1	204	1
61	90	78	79	84	15224	13	0	0	629	4	0	0	714	5	1530	3
62	91	80	81	121	4488	9	714	7	211	5	0	0	190	5	306	6
63	92	82	83	47	6460	7	0	0	306	3	0	0	374	3	1122	4
64	93	84	85	98	14280	9	0	0	340	2	0	0	425	2	2040	4
65	94	86	87	105	0	0	0	0	0	0	0	0	0	0	0	0
66	95	88	89	6	0	0	0	0	0	0	0	0	0	0	0	0
67	100	90	91	244	23744	38	0	0	1547	13	0	0	1802	13	3803	13
68	101	92	90	40	0	0	0	0	0	0	0	0	0	0	0	0
69	102	93	94	51	1870	2	0	0	0	0	0	0	0	0	0	0
70	103	95	96	110	29706	31	0	0	1326	6	0	0	969	6	2448	6
71	105	84	97	24	0	0	0	0	0	0	0	0	0	0	0	0
72	106	98	99	104	23349	26	0	0	510	2	1700	1	510	2	1020	2
73	107	99	84	56	12417	4	0	0	102	1	0	0	170	1	510	1
74	108	100	99	71	0	0	0	0	0	0	0	0	0	0	0	0
75	109	101	102	108	13056	7	0	0	1020	4	0	0	255	1	510	1
76	110	103	101	145	408	1	0	0	1190	5	0	0	425	2	2754	6
77	111	104	105	71	6120	15	204	2	284	2	0	0	199	2	1632	5
78	112	104	106	98	4318	8	612	6	80	2	0	0	29	1	306	6
79	113	106	107	88	8466	14	612	6	258	4	0	0	131	2	1020	11
80	114	108	104	67	27791	12	0	0	782	3	3400	1	595	3	1530	3
81	115	109	107	257	14824	36	2244	22	505	12	0	0	228	7	1173	23
82	116	110	111	97	16113	7	0	0	255	1	0	0	170	1	1020	2
83	117	112	110	96	20604	19	0	0	646	5	0	0	714	5	2346	7
84	118	113	114	150	15640	12	0	0	544	4	0	0	544	4	1428	4
85	119	114	115	85	11900	7	0	0	204	2	0	0	340	2	1530	3
86	121	117	116	28	0	0	0	0	0	0	0	0	0	0	0	0
87	122	118	117	93	12713	5	0	0	357	2	0	0	425	2	1530	3
88	123	119	120	122	0	0	0	0	0	0	0	0	0	0	0	0
89	124	121	120	107	24384	10	0	0	1020	7	0	0	714	4	816	4
90	125	122	123	111	1428	4	306	3	59	2	0	0	59	2	153	3
91	126	123	124	91	4386	3	102	1	199	2	0	0	131	2	561	2
92	127	125	123	128	3536	12	102	1	0	0	0	0	0	0	51	1
93	128	123	126	74	1836	5	408	4	29	1	0	0	0	0	204	4
94	129	126	127	85	714	2	204	2	59	2	0	0	59	2	102	2
95	130	128	129	115	0	0	0	0	0	0	0	0	0	0	0	0
96	131	130	128	72	0	0	0	0	765	3	0	0	1020	4	4202	9
97	132	131	132	182	3910	13	1326	13	391	6	0	0	446	5	2193	16
98	133	131	133	22	0	0	0	0	0	0	0	0	0	0	0	0
99	134	134	135	26	0	0	0	0	0	0	0	0	0	0	0	0
100	135	136	137	40	0	0	0	0	0	0	0	0	0	0	0	0
101	136	138	134	97	1632	4	306	3	110	3	0	0	80	2	153	3
102	137	135	136	102	1326	4	408	4	80	2	0	0	59	2	204	4
103	138	139	140	228	7990	18	1734	17	968	16	0	0	887	14	2958	22
104	139	141	142	197	8358	20	0	0	510	2	0	0	340	2	4080	4
105	140	143	144	56	16468	18	0	0	680	6	0	0	612	6	1938	8
106	142	91	145	11	0	0	0	0	0	0	0	0	0	0	0	0
107	143	146	147	133	24986	21	0	0	544	4	0	0	561	4	2244	5
108	144	67	66	63	0	0	0	0	0	0	0	0	0	0	0	0
109	145	66	148	43	10142	24	0	0	255	1	0	0	255	1	1020	2
110	146	149	96	30	0	0	0	0	0	0	0	0	0	0	0	0
111	147	65	150	66	0	0	0	0	0	0	0	0	0	0	0	0
112	148	151	152	72	0	0	0	0	0	0	0	0	0	0	0	0
113	149	153	154	16	0	0	0	0	0	0	0	0	0	0	0	0
114	150	155	156	47	0	0	0	0	0	0	0	0	0	0	0	0
115	151	149	157	93	23696	24	0	0	1020	6	0	0	1156	6	2346	7
116	152	158	143	20	5712	7	0	0	0	0	0	0	0	0	0	0
117	153	145	159	92	14280	10	0	0	374	3	0	0	510	3	1530	3
118	154	152	160	88	9996	7	0	0	272	2	0	0	272	2	918	3
119	155	156	154	56	0	0	0	0	0	0	0	0	0	0	0	0
120	156	151	161	9	0	0	0	0	0	0	0	0	0	0	0	0
121	157	159	158	81	4080	2	0	0	102	1	0	0	102	1	204	1
122	158	162	146	143	21994	21	0	0	952	8	0	0	1088	8	3468	8
123	159	162	144	34	0	0	0	0	0	0	0	0	0	0	0	0
124	160	155	157	16	0	0	0	0	0	0	0	0	0	0	0	0
125	161	153	161	53	0	0	0	0	0	0	0	0	0	0	0	0
126	162	160	91	65	0	0	0	0	0	0	0	0	0	0	0	0
127	163	96	150	15	0	0	0	0	0	0	0	0	0	0	0	0
128	164	163	164	91	3060	3	0	0	102	1	0	0	170	1	510	1
129	165	165	166	121	10200	5	0	0	102	1	0	0	170	1	510	1
130	166	166	163	94	2040	2	0	0	102	1	0	0	170	1	510	1
131	167	167	165	104	8160	8	0	0	272	2	0	0	272	2	714	2
132	170	164	168	101	12580	9	0	0	374	3	0	0	442	3	1224	3
133	172	169	168	144	6120	3	0	0	357	2	0	0	357	2	714	2
134	173	170	171	83	2040	1	0	0	170	1	0	0	102	1	204	1
135	174	145	36	154	20094	17	306	3	364	5	0	0	568	5	1734	7
136	175	37	172	118	3060	2	102	1	0	0	0	0	0	0	51	1
137	176	172	80	71	680	1	102	1	51	1	0	0	29	1	51	1
138	177	171	169	57	8692	7	0	0	102	1	0	0	102	1	408	2
139	178	173	170	204	17872	13	0	0	646	4	0	0	544	4	1938	5
140	179	80	173	139	8160	6	0	0	374	3	1700	1	374	3	918	3
141	180	174	168	480	0	0	0	0	0	0	0	0	0	0	0	0
142	183	175	176	49	8160	4	0	0	102	1	0	0	170	1	1020	2
143	188	179	180	17	0	0	0	0	0	0	0	0	0	0	0	0
144	189	181	177	77	8130	24	0	0	408	4	0	0	697	4	2754	6
145	190	182	183	125	7510	12	0	0	425	2	0	0	510	2	3573	10
146	191	182	179	21	0	0	0	0	0	0	0	0	0	0	0	0
147	192	177	179	60	6836	22	0	0	255	1	0	0	255	1	2040	4
148	193	183	184	70	16408	8	0	0	255	1	0	0	255	1	1020	2
149	194	185	186	175	21336	32	816	8	981	7	0	0	951	6	4947	22
150	195	187	188	37	306	1	102	1	29	1	0	0	0	0	51	1
151	196	189	190	176	5644	15	1632	16	199	6	0	0	177	6	765	15
152	197	190	140	157	9792	15	1224	12	484	8	0	0	369	7	1632	14
153	198	191	192	69	1530	5	510	5	0	0	0	0	0	0	255	5
154	199	193	194	219	22351	24	0	0	255	1	1133	1	255	1	1020	2
155	200	195	196	10	0	0	0	0	0	0	0	0	0	0	0	0
156	201	196	194	170	0	0	0	0	1020	4	7558	3	1020	4	3919	11
157	203	197	198	84	13880	18	0	0	765	3	0	0	510	2	1530	3
158	204	199	200	96	2040	6	612	6	221	6	0	0	178	6	306	6
159	205	201	202	76	16380	10	0	0	255	1	0	0	425	2	1020	2
160	206	200	201	26	0	0	0	0	0	0	0	0	0	0	0	0
161	207	162	203	60	17000	13	0	0	799	5	0	0	714	5	2244	5
162	208	203	204	90	4080	2	0	0	374	3	0	0	306	3	612	3
163	209	205	206	31	0	0	0	0	0	0	0	0	0	0	0	0
164	211	207	208	56	15580	16	0	0	510	2	0	0	510	2	2040	4
165	212	209	207	56	0	0	0	0	0	0	0	0	0	0	0	0
166	213	208	210	48	0	0	0	0	510	2	0	0	255	1	2040	4
167	215	211	212	188	5372	17	1734	17	148	5	0	0	148	5	867	17
168	216	213	212	13	0	0	0	0	0	0	0	0	0	0	0	0
169	217	214	215	112	2040	6	918	9	148	5	0	0	119	4	306	6
170	218	216	217	207	15528	24	0	0	510	2	3003	2	765	3	3060	6
171	219	217	218	98	12240	6	0	0	510	2	0	0	340	2	1020	2
172	220	216	219	79	0	0	0	0	0	0	0	0	0	0	0	0
173	221	220	221	76	12240	6	0	0	680	3	0	0	340	2	1020	2
174	222	222	223	238	24276	23	1122	11	794	9	1870	1	505	7	1581	13
175	223	224	225	112	0	0	0	0	0	0	0	0	0	0	0	0
176	224	226	227	133	26871	22	0	0	1700	6	0	0	1360	7	3514	11
177	225	228	38	356	21742	50	2699	45	556	18	0	0	446	15	1150	42
178	226	229	230	22	1020	1	0	0	0	0	0	0	0	0	0	0
179	227	230	231	162	10673	5	0	0	569	3	1870	1	399	3	4284	5
180	230	232	233	180	0	0	0	0	1785	5	935	1	1530	4	3774	8
181	231	234	235	23	306	1	102	1	29	1	0	0	29	1	51	1
182	232	236	234	105	1734	5	510	5	140	4	0	0	140	4	255	5
183	233	237	238	213	16592	40	2600	27	947	15	0	0	556	14	3243	28
184	234	239	240	79	3468	11	1122	11	199	6	0	0	119	4	539	11
185	235	241	242	46	1938	6	612	6	89	3	0	0	29	1	306	6
186	236	243	244	213	9792	17	816	8	539	7	0	0	386	5	1275	13
187	237	245	246	273	21538	52	0	0	2193	18	0	0	2021	17	3999	19
188	238	247	50	183	18068	16	0	0	1190	8	0	0	935	7	1836	6
189	239	248	249	86	8160	4	0	0	680	2	0	0	510	2	1530	3
190	240	250	248	66	16088	10	0	0	170	1	0	0	255	1	510	1
191	241	251	252	16	0	0	0	0	0	0	0	0	0	0	0	0
192	242	252	129	102	0	0	0	0	510	2	0	0	255	1	1020	2
193	244	253	254	142	29249	14	0	0	850	4	0	0	680	3	6120	6
194	245	255	256	131	11628	13	510	5	255	3	0	0	204	2	1071	9
195	246	257	258	129	7458	13	306	3	374	3	0	0	442	3	1173	5
196	247	32	259	19	306	1	102	1	29	1	0	0	29	1	51	1
197	248	260	30	57	408	1	102	1	0	0	0	0	0	0	51	1
198	249	261	30	108	0	0	0	0	510	2	0	0	510	2	4080	4
199	250	262	263	120	4896	11	714	7	182	3	0	0	199	2	845	8
200	251	264	265	105	30005	18	0	0	935	4	850	1	850	4	3060	6
201	252	45	266	27	0	0	0	0	0	0	0	0	0	0	0	0
202	253	184	266	129	15302	17	0	0	374	3	1246	1	595	3	2550	5
203	254	267	264	117	13659	5	0	0	272	2	0	0	357	2	1428	3
204	255	265	181	28	0	0	0	0	0	0	0	0	0	0	0	0
205	256	268	269	132	16744	14	102	1	1173	7	3400	1	918	6	3111	7
206	257	270	271	32	0	0	0	0	0	0	0	0	0	0	0	0
207	258	272	273	51	0	0	0	0	0	0	0	0	0	0	0	0
208	259	272	269	24	0	0	0	0	0	0	0	0	0	0	0	0
209	260	274	275	112	18258	15	0	0	561	4	0	0	612	4	2142	6
210	261	275	166	75	2040	1	0	0	102	1	0	0	102	1	204	1
211	262	276	277	76	28914	10	0	0	204	2	0	0	272	2	1020	2
212	263	278	268	46	0	0	0	0	0	0	0	0	0	0	0	0
213	264	273	270	60	3672	6	0	0	102	1	3400	1	102	1	204	1
214	265	271	276	70	0	0	0	0	0	0	0	0	0	0	0	0
215	266	277	274	95	5304	5	0	0	204	2	0	0	204	2	714	2
216	267	161	279	228	21816	39	0	0	1020	10	0	0	1326	9	4092	13
217	268	279	278	116	23486	20	0	0	782	7	0	0	1054	7	2448	6
218	269	280	281	36	0	0	0	0	0	0	0	0	0	0	0	0
219	270	282	283	35	0	0	0	0	0	0	0	0	0	0	0	0
220	271	284	285	35	12784	9	306	3	306	3	0	0	442	3	1275	4
221	273	286	174	25	12240	6	0	0	255	1	0	0	272	2	1020	2
222	274	71	103	21	0	0	0	0	0	0	0	0	0	0	0	0
223	275	287	288	57	0	0	0	0	0	0	0	0	0	0	0	0
224	276	289	290	67	0	0	0	0	0	0	0	0	0	0	0	0
225	277	108	283	44	5440	3	0	0	204	2	0	0	408	2	204	1
226	278	147	267	92	0	0	0	0	0	0	0	0	0	0	0	0
227	279	291	280	39	4080	2	0	0	170	1	0	0	170	1	0	0
228	280	292	290	7	0	0	0	0	0	0	0	0	0	0	0	0
229	281	281	284	29	3464	9	0	0	102	1	0	0	102	1	204	1
230	282	293	291	113	14960	8	0	0	255	1	0	0	255	1	1020	2
231	283	294	103	69	0	0	0	0	0	0	0	0	0	0	0	0
232	284	71	295	55	0	0	0	0	0	0	0	0	0	0	0	0
233	285	295	289	74	22080	18	0	0	510	5	0	0	714	5	2244	5
234	286	267	118	112	14368	8	0	0	272	2	0	0	425	2	1020	2
235	287	285	286	26	0	0	0	0	0	0	0	0	0	0	0	0
236	288	294	288	13	0	0	0	0	0	0	0	0	0	0	0	0
237	289	292	293	82	0	0	0	0	0	0	0	0	0	0	0	0
238	290	282	287	74	8500	5	0	0	170	1	0	0	170	1	510	1
239	291	118	108	59	15300	8	0	0	204	2	0	0	510	3	1020	2
240	294	277	297	81	20474	18	0	0	748	5	0	0	646	5	1836	6
241	295	297	298	35	2108	3	102	1	102	1	0	0	102	1	255	2
242	297	299	296	40	0	0	0	0	0	0	0	0	0	0	0	0
243	298	300	301	36	0	0	0	0	0	0	0	0	0	0	0	0
244	299	297	82	59	16998	13	102	1	981	4	0	0	641	4	1275	4
245	300	301	277	101	10200	5	0	0	255	1	0	0	255	1	1020	2
246	301	82	171	145	9792	6	0	0	357	2	0	0	272	2	714	2
247	302	299	300	100	0	0	0	0	0	0	0	0	0	0	0	0
248	303	302	303	64	3400	2	0	0	0	0	0	0	0	0	0	0
249	304	304	305	59	0	0	0	0	0	0	0	0	0	0	0	0
250	305	306	307	35	4896	3	0	0	102	1	0	0	170	1	510	1
251	306	302	304	34	0	0	0	0	0	0	0	0	0	0	0	0
252	307	305	173	185	0	0	0	0	0	0	0	0	0	0	0	0
253	308	308	173	88	12736	6	0	0	442	3	0	0	459	3	1938	5
254	309	272	307	101	15776	21	0	0	272	2	0	0	510	3	2040	4
255	310	309	310	120	16048	17	714	7	653	7	0	0	760	6	2397	11
256	311	311	312	109	1632	5	510	5	89	3	0	0	89	3	255	5
257	312	313	314	122	2924	5	306	3	161	3	0	0	161	3	357	4
258	313	315	316	120	7982	20	0	0	765	4	0	0	765	4	3060	6
259	314	317	318	116	5474	16	1632	16	80	2	0	0	29	1	816	16
260	315	319	320	118	14544	12	0	0	765	4	0	0	442	3	1938	5
261	316	321	319	226	25768	45	1938	19	994	10	7480	2	858	9	4490	28
262	317	322	321	65	1258	4	408	4	80	2	0	0	59	2	153	3
263	318	323	324	203	15326	43	2236	39	577	17	0	0	467	11	2303	39
264	319	324	322	252	8262	26	2550	25	309	9	0	0	318	10	1071	21
265	320	325	326	254	16768	19	0	0	1925	9	3740	2	1207	6	3556	18
266	322	327	328	105	21982	20	0	0	595	3	0	0	595	3	2550	5
267	323	329	330	109	8160	4	0	0	714	4	0	0	425	2	2040	4
268	324	331	332	109	16118	16	0	0	1666	7	0	0	1190	6	3060	6
269	325	333	334	53	27322	13	0	0	646	5	0	0	680	4	2244	5
270	326	335	336	76	6120	6	0	0	204	2	0	0	340	2	1020	2
271	327	337	338	77	10200	5	0	0	255	1	0	0	255	1	510	1
272	328	339	340	225	18384	21	0	0	1734	9	0	0	1802	10	3816	18
273	329	294	341	242	4080	5	0	0	1947	13	1133	1	1530	6	7585	16
274	330	51	342	86	4216	3	0	0	102	1	0	0	0	0	510	1
275	331	54	343	208	15240	43	0	0	935	4	0	0	697	4	3973	16
276	332	46	344	44	29890	13	0	0	612	3	0	0	357	2	1530	3
277	333	345	346	85	16780	10	0	0	442	3	0	0	425	2	2040	4
278	334	346	114	28	0	0	0	0	0	0	0	0	0	0	0	0
279	335	347	180	261	29734	22	0	0	918	6	1870	1	833	6	1734	4
280	336	348	347	90	16201	6	0	0	0	0	0	0	0	0	0	0
281	337	180	182	16	2040	2	0	0	0	0	0	0	0	0	0	0
282	338	283	348	110	13260	7	0	0	170	1	0	0	255	1	510	1
283	340	116	264	96	0	0	0	0	102	1	0	0	102	1	1020	2
284	342	349	181	86	9656	7	0	0	170	1	0	0	170	1	510	1
285	343	350	184	76	5100	3	0	0	102	1	0	0	170	1	510	1
286	344	351	352	111	14280	7	0	0	816	3	0	0	629	3	1428	3
287	345	353	352	144	21080	14	0	0	918	6	0	0	1020	6	4080	6
288	346	354	353	43	0	0	0	0	0	0	0	0	0	0	0	0
289	347	355	356	96	3570	10	918	9	212	5	0	0	140	4	459	9
290	348	357	358	138	19318	24	0	0	1003	6	0	0	935	6	2601	9
291	349	359	360	151	0	0	0	0	170	1	0	0	255	1	1020	2
292	350	361	362	221	22032	27	1224	12	539	8	0	0	352	7	1683	15
293	351	363	364	427	27938	48	1020	10	2498	21	3740	2	1924	17	4796	29
294	352	365	366	424	22658	49	0	0	2233	22	1870	1	2108	21	3678	25
295	353	367	368	134	17744	22	0	0	918	9	0	0	680	6	2346	10
296	354	203	369	163	16068	27	1122	11	386	6	0	0	365	6	892	13
297	355	370	154	221	29217	28	1224	12	1554	13	0	0	862	8	3825	15
298	356	371	151	238	47786	50	204	2	1015	6	0	0	799	5	3578	14
299	357	372	152	253	23396	27	306	3	1882	10	5610	1	1117	9	3213	12
300	358	373	160	271	21306	53	0	0	1910	19	3400	2	1882	20	3816	21
301	359	374	159	307	22118	66	816	8	1942	16	0	0	2061	15	3910	22
302	360	375	296	175	7480	4	0	0	170	1	0	0	170	1	1020	2
303	361	299	376	172	0	0	0	0	0	0	0	0	0	0	0	0
304	362	377	110	205	38262	69	0	0	2975	8	0	0	1734	7	5749	16
305	363	144	378	148	21553	18	0	0	306	3	1700	1	272	2	1326	5
306	364	379	380	68	8516	15	0	0	612	4	0	0	714	4	1632	5
307	365	159	381	152	23574	22	0	0	918	6	0	0	901	6	3774	11
308	366	382	383	50	2380	5	408	4	89	3	0	0	89	3	255	5
309	367	306	308	81	14280	7	0	0	510	2	0	0	255	1	1020	2
310	368	384	385	54	0	0	0	0	0	0	0	0	0	0	0	0
311	369	386	78	65	0	0	0	0	0	0	0	0	0	0	0	0
312	370	387	388	62	11220	9	0	0	459	3	0	0	442	3	510	1
313	371	389	386	25	0	0	0	0	0	0	0	0	0	0	0	0
314	372	78	384	48	4080	4	0	0	102	1	0	0	102	1	510	1
315	373	390	384	14	0	0	0	0	0	0	0	0	0	0	0	0
316	374	385	391	48	0	0	0	0	0	0	0	0	0	0	0	0
317	375	392	390	63	0	0	0	0	0	0	0	0	0	0	0	0
318	376	391	390	72	0	0	0	0	0	0	0	0	0	0	0	0
319	377	387	391	24	0	0	0	0	0	0	0	0	0	0	0	0
320	378	391	392	55	0	0	0	0	0	0	0	0	0	0	0	0
321	379	111	94	128	14324	11	0	0	102	1	0	0	102	1	408	2
322	380	393	387	140	7140	7	0	0	102	1	0	0	170	1	510	1
323	381	390	394	47	3060	3	0	0	102	1	0	0	102	1	0	0
324	382	395	373	67	3060	3	0	0	102	1	0	0	102	1	0	0
325	383	374	365	25	0	0	0	0	0	0	0	0	0	0	0	0
326	384	363	396	46	9010	5	0	0	102	1	0	0	102	1	0	0
327	385	394	370	35	0	0	0	0	0	0	0	0	0	0	0	0
328	386	371	389	33	0	0	0	0	0	0	0	0	0	0	0	0
329	387	367	372	61	2040	2	0	0	102	1	0	0	170	1	510	1
330	388	92	365	70	12240	6	0	0	170	1	0	0	255	1	1020	2
331	389	367	371	13	0	0	0	0	0	0	0	0	0	0	0	0
332	390	395	372	17	0	0	0	0	0	0	0	0	0	0	0	0
333	391	361	397	51	0	0	0	0	0	0	0	0	0	0	0	0
334	392	361	396	14	0	0	0	0	0	0	0	0	0	0	0	0
335	393	374	363	42	3400	2	0	0	102	1	0	0	102	1	0	0
336	394	386	370	18	0	0	0	0	0	0	0	0	0	0	0	0
337	395	373	92	70	0	0	0	0	0	0	0	0	0	0	0	0
338	396	397	111	136	4080	2	0	0	0	0	0	0	0	0	0	0
339	397	398	206	29	22765	8	0	0	0	0	0	0	0	0	0	0
340	398	399	205	30	0	0	0	0	170	1	0	0	255	1	1020	2
341	399	400	399	34	4896	8	0	0	0	0	0	0	0	0	0	0
342	400	399	398	26	0	0	0	0	0	0	0	0	0	0	0	0
343	401	401	398	35	6120	10	0	0	170	1	0	0	255	1	1020	2
344	402	402	237	46	3512	2	102	1	29	1	0	0	0	0	51	1
345	403	403	401	85	33960	22	0	0	1530	6	0	0	1190	6	3626	10
346	404	400	404	152	30716	26	0	0	1020	5	0	0	1105	5	4176	9
347	405	237	250	83	0	0	0	0	0	0	0	0	0	0	0	0
348	406	401	219	23	0	0	0	0	0	0	0	0	0	0	0	0
349	407	219	400	11	0	0	0	0	0	0	0	0	0	0	0	0
350	408	405	406	23	0	0	0	0	0	0	0	0	0	0	0	0
351	409	247	407	202	5780	4	0	0	0	0	0	0	0	0	204	1
352	410	49	247	58	0	0	0	0	0	0	0	0	0	0	0	0
353	411	408	409	66	0	0	0	0	0	0	0	0	0	0	0	0
354	412	408	250	29	0	0	0	0	0	0	0	0	0	0	0	0
355	413	407	402	120	3876	3	0	0	612	3	0	0	314	2	3264	7
356	414	410	411	77	15108	11	0	0	510	2	0	0	255	1	2040	4
357	415	410	405	22	0	0	0	0	0	0	0	0	0	0	0	0
358	416	226	406	33	0	0	0	0	0	0	0	0	0	0	0	0
359	417	409	412	73	0	0	0	0	0	0	0	0	0	0	0	0
360	418	413	414	81	14788	26	0	0	1020	4	0	0	510	2	3570	7
361	419	413	411	18	0	0	0	0	0	0	0	0	0	0	0	0
362	420	415	223	94	1530	5	0	0	102	1	0	0	102	1	408	2
363	421	416	417	12	0	0	0	0	0	0	0	0	0	0	0	0
364	422	418	226	57	16320	8	0	0	510	2	0	0	425	2	1020	2
365	423	414	417	89	0	0	0	0	0	0	0	0	0	0	0	0
366	424	416	415	94	0	0	0	0	0	0	0	0	0	0	0	0
367	425	419	403	141	14064	46	0	0	1020	4	0	0	1020	4	3570	7
368	426	160	420	228	10178	26	1326	13	769	11	0	0	624	9	1887	19
369	427	421	308	202	23127	17	0	0	867	4	0	0	510	3	3570	7
370	428	153	422	106	24100	23	0	0	476	4	5610	1	476	4	2244	7
371	429	271	423	135	30466	16	0	0	799	5	0	0	646	5	1836	6
372	430	167	424	220	22976	22	0	0	1207	7	0	0	986	7	3264	7
373	431	425	375	70	0	0	0	0	0	0	0	0	0	0	0	0
374	432	376	426	62	0	0	0	0	0	0	0	0	0	0	0	0
375	433	65	427	218	15732	50	0	0	2006	7	3400	1	1666	7	4199	11
376	434	67	428	213	18623	16	0	0	255	1	8670	3	170	1	2856	6
377	435	429	430	106	9588	11	204	2	811	5	0	0	743	5	3060	6
378	436	431	432	89	8452	15	0	0	527	3	0	0	612	4	3570	6
379	440	435	436	80	11934	11	0	0	204	2	0	0	204	2	510	1
380	441	437	438	90	5780	6	102	1	255	3	0	0	357	3	1249	5
381	442	12	439	74	7344	10	0	0	0	0	0	0	0	0	306	3
382	443	275	440	110	21677	21	0	0	476	4	0	0	578	5	1836	6
383	444	152	441	228	22756	31	1632	16	836	11	1700	1	632	10	2142	21
384	445	163	442	166	12850	22	0	0	1338	11	0	0	1219	10	8109	12
385	446	443	276	132	11900	8	0	0	340	2	0	0	340	2	1020	2
386	447	170	443	158	20064	19	0	0	408	4	0	0	442	3	2040	4
387	448	270	444	132	14148	29	0	0	1938	12	0	0	1955	11	3876	11
388	449	445	446	259	25600	31	1122	11	832	13	0	0	535	10	3111	19
389	450	280	447	46	19338	15	0	0	731	5	0	0	799	5	2244	5
390	451	448	449	259	25303	17	0	0	935	4	0	0	765	3	8438	10
391	452	450	290	26	0	0	0	0	0	0	0	0	0	0	0	0
392	453	76	448	131	24834	8	0	0	510	2	0	0	510	2	3060	3
393	454	451	449	99	24834	8	0	0	680	3	0	0	765	3	4080	4
394	455	449	450	56	29006	12	0	0	595	3	0	0	459	3	7140	7
395	456	75	451	131	18626	6	0	0	0	0	0	0	0	0	1530	3
396	457	448	451	11	0	0	0	0	0	0	0	0	0	0	0	0
397	458	452	302	229	21880	22	0	0	1615	11	0	0	1581	10	4182	10
398	459	453	452	56	7718	5	0	0	102	1	0	0	102	1	510	1
399	460	452	454	59	0	0	0	0	0	0	0	0	0	0	0	0
400	461	455	304	296	22840	32	0	0	1615	13	1870	1	1955	13	3634	14
401	462	77	456	97	8152	11	0	0	518	4	0	0	595	3	2040	4
402	463	288	77	32	0	0	0	0	0	0	3400	1	0	0	0	0
403	464	457	209	142	2346	7	714	7	89	3	0	0	59	2	357	7
404	466	458	42	170	16784	10	0	0	255	1	0	0	170	1	1020	2
405	468	459	126	119	2788	7	714	7	88	3	0	0	88	3	357	7
406	469	460	321	98	2754	10	1122	11	80	2	0	0	0	0	561	2
407	470	461	462	13	4080	2	0	0	0	0	0	0	0	0	510	1
408	476	463	464	10	4080	2	0	0	0	0	0	0	0	0	510	1
409	477	464	465	9	8160	4	0	0	510	1	0	0	255	1	714	2
410	480	466	467	9	8160	4	0	0	510	1	0	0	255	1	510	1
411	484	385	468	51	0	0	0	0	0	0	0	0	0	0	0	0
412	485	469	470	46	0	0	0	0	0	0	0	0	0	0	0	0
413	486	412	20	89	0	0	0	0	0	0	0	0	0	0	0	0
414	487	418	20	25	0	0	0	0	0	0	0	0	0	0	0	0
415	488	419	223	40	0	0	0	0	0	0	0	0	0	0	0	0
416	489	471	472	130	0	0	0	0	0	0	0	0	0	0	0	0
417	490	88	473	44	0	0	0	0	0	0	0	0	0	0	0	0
418	491	474	475	179	0	0	0	0	0	0	0	0	0	0	0	0
419	494	476	477	127	3978	7	306	3	80	2	0	0	80	2	153	3
420	495	477	478	12	0	0	0	0	0	0	0	0	0	0	0	0
421	496	475	88	7	0	0	0	0	0	0	0	0	0	0	0	0
422	497	28	201	194	0	0	0	0	0	0	0	0	0	0	1530	3
423	498	135	479	103	1292	3	204	2	51	1	0	0	29	1	153	3
424	500	480	481	84	0	0	0	0	0	0	0	0	0	0	0	0
425	501	481	482	39	0	0	0	0	0	0	0	0	0	0	0	0
426	502	479	418	89	0	0	0	0	0	0	0	0	0	0	0	0
427	503	134	483	112	1122	3	510	5	182	4	0	0	29	1	102	2
428	504	484	134	146	1836	3	306	3	109	3	0	0	88	3	153	3
429	505	201	480	85	0	0	0	0	0	0	0	0	0	0	0	0
430	506	19	471	116	0	0	0	0	0	0	0	0	0	0	0	0
431	507	472	474	115	0	0	0	0	0	0	0	0	0	0	0	0
432	508	482	135	153	1530	5	510	5	89	3	0	0	89	3	255	5
433	509	28	200	190	8772	6	204	2	284	2	0	0	199	2	1122	4
434	510	200	485	95	612	2	204	2	0	0	0	0	0	0	102	2
435	511	483	20	88	0	0	0	0	0	0	0	0	0	0	0	0
436	512	485	484	120	850	3	408	4	58	2	0	0	29	1	153	3
437	513	38	486	67	24790	10	0	0	102	1	0	0	170	1	510	1
438	514	486	487	25	0	0	0	0	0	0	0	0	0	0	0	0
439	515	132	488	8	6596	5	0	0	102	1	0	0	59	1	0	0
440	516	487	489	37	306	1	102	1	0	0	0	0	29	1	51	1
441	517	490	86	57	3400	2	0	0	510	1	0	0	255	1	1020	2
442	518	130	490	251	21128	31	0	0	952	5	3740	1	782	5	3060	6
443	519	251	130	59	2040	1	0	0	0	0	0	0	0	0	0	0
444	520	45	491	230	39718	87	0	0	2907	10	3400	2	1649	8	3493	18
445	521	492	232	156	13872	20	0	0	510	2	3740	2	510	2	1020	2
446	522	491	251	18	0	0	0	0	0	0	0	0	0	0	0	0
447	523	86	472	87	0	0	0	0	0	0	0	0	0	0	0	0
448	525	229	132	87	6208	2	0	0	0	0	0	0	0	0	204	1
449	526	493	494	44	0	0	0	0	0	0	0	0	0	0	0	0
450	527	494	229	28	0	0	0	0	0	0	0	0	0	0	0	0
451	528	232	493	35	14272	10	0	0	306	3	0	0	510	3	2550	5
452	529	225	492	7	0	0	0	0	0	0	0	0	0	0	0	0
453	530	4	495	81	1224	4	408	4	0	0	0	0	0	0	204	4
454	531	489	496	11	0	0	0	0	0	0	0	0	0	0	0	0
455	532	496	4	102	6732	5	204	2	284	2	0	0	284	2	612	3
456	533	497	225	81	0	0	0	0	0	0	0	0	0	0	0	0
457	534	488	38	105	12240	9	0	0	340	2	0	0	340	2	510	1
458	535	495	498	92	4964	11	714	7	169	5	3400	1	88	3	357	7
459	536	499	500	56	0	0	0	0	0	0	0	0	0	0	0	0
460	537	499	501	64	11560	8	0	0	510	3	0	0	578	3	918	3
461	539	502	503	79	16144	11	0	0	697	4	0	0	782	4	3060	6
462	540	503	504	116	16808	10	0	0	612	2	0	0	425	2	1530	3
463	541	323	505	23	0	0	0	0	0	0	0	0	0	0	0	0
464	542	468	469	53	4080	2	0	0	102	1	0	0	170	1	510	1
465	543	347	506	235	2040	1	0	0	0	0	0	0	0	0	0	0
466	546	92	507	401	22936	56	102	1	1785	10	0	0	1887	12	3906	17
467	547	508	454	55	0	0	0	0	0	0	0	0	0	0	0	0
468	548	454	303	236	32317	32	0	0	2057	13	0	0	1973	13	3627	15
469	551	37	509	158	10200	5	0	0	510	1	0	0	255	1	1020	2
470	565	510	47	260	18892	13	0	0	272	2	0	0	272	2	1632	5
471	566	511	510	232	0	0	0	0	0	0	0	0	0	0	0	0
472	567	117	348	77	0	0	0	0	0	0	0	0	0	0	0	0
473	568	248	512	76	14948	12	0	0	935	3	0	0	612	3	3060	6
474	570	513	514	387	24953	14	0	0	765	2	1700	1	765	2	4196	12
475	573	515	7	60	15521	5	0	0	510	1	850	1	510	1	510	1
476	580	516	418	231	0	0	0	0	0	0	0	0	0	0	0	0
477	581	497	516	128	16828	10	0	0	612	3	0	0	680	3	1020	2
478	582	472	497	8	0	0	0	0	0	0	0	0	0	0	0	0
479	583	517	497	116	0	0	0	0	0	0	0	0	0	0	0	0
480	585	87	474	62	6208	2	0	0	2074	5	1870	1	697	4	3570	5
481	587	518	517	178	0	0	0	0	0	0	0	0	0	0	0	0
482	588	475	518	6	0	0	0	0	0	0	0	0	0	0	0	0
483	589	89	518	7	0	0	0	0	0	0	0	0	0	0	0	0
484	590	119	88	360	0	0	0	0	2754	6	2493	2	1377	6	3685	17
485	591	309	89	44	0	0	0	0	0	0	0	0	0	0	0	0
486	592	473	309	6	0	0	0	0	0	0	0	0	0	0	0	0
487	593	473	476	82	0	0	0	0	0	0	0	0	0	0	0	0
488	594	519	309	82	952	3	408	4	51	1	0	0	29	1	153	3
489	595	256	476	103	1904	4	102	1	131	2	1870	1	131	2	255	2
490	596	520	519	130	1122	3	306	3	110	3	0	0	89	3	153	3
491	597	521	522	6	0	0	0	0	0	0	0	0	0	0	0	0
492	598	471	516	8	0	0	0	0	0	0	0	0	0	0	0	0
493	599	523	524	206	0	0	0	0	0	0	0	0	0	0	0	0
494	600	525	526	135	15968	28	0	0	935	4	0	0	510	3	3060	6
495	601	293	527	112	15068	12	0	0	510	5	0	0	544	4	1734	4
496	602	528	529	73	15108	10	0	0	340	2	0	0	272	2	1020	2
497	603	527	502	80	18794	17	0	0	1326	5	0	0	612	4	1734	4
498	604	530	124	94	20708	27	408	4	1836	5	1530	2	510	4	3519	10
499	605	531	500	29	0	0	0	0	0	0	0	0	0	0	0	0
500	606	331	340	33	0	0	0	0	0	0	0	0	0	0	0	0
501	607	503	528	25	0	0	0	0	0	0	0	0	0	0	0	0
502	608	532	331	45	0	0	0	0	0	0	0	0	0	0	0	0
503	609	340	533	71	13600	7	0	0	459	3	0	0	442	3	1224	3
504	610	532	329	32	0	0	0	0	0	0	0	0	0	0	0	0
505	611	525	534	79	0	0	0	0	0	0	0	0	0	0	0	0
506	612	529	499	14	0	0	0	0	0	0	0	0	0	0	0	0
507	613	531	329	47	0	0	0	0	0	0	0	0	0	0	0	0
508	614	535	530	88	14802	27	204	2	1020	2	1530	2	204	2	2142	6
509	615	124	536	25	0	0	0	0	0	0	0	0	0	0	0	0
510	616	325	525	61	0	0	0	0	0	0	0	0	0	0	0	0
511	617	534	537	68	5508	6	0	0	102	1	0	0	170	1	510	1
512	618	536	325	45	0	0	0	0	0	0	0	0	0	0	0	0
513	619	61	538	94	3400	4	0	0	102	1	6800	2	102	1	204	1
514	620	538	323	114	15504	14	918	9	386	4	0	0	454	4	1479	10
515	621	533	61	54	0	0	0	0	0	0	0	0	0	0	0	0
516	622	505	535	68	0	0	0	0	0	0	0	0	0	0	0	0
517	623	55	539	201	19148	16	0	0	901	6	0	0	969	6	2448	6
518	624	540	539	43	6120	3	0	0	59	1	0	0	59	1	0	0
519	625	287	506	184	15742	15	0	0	918	6	0	0	561	4	4896	8
520	626	541	542	23	0	0	0	0	0	0	0	0	0	0	0	0
521	627	542	543	90	6120	3	0	0	102	1	0	0	102	1	0	0
522	628	544	541	73	0	0	0	0	255	1	0	0	255	1	1020	1
523	629	478	521	4	0	0	0	0	0	0	0	0	0	0	0	0
524	630	542	545	74	0	0	0	0	0	0	0	0	0	0	0	0
525	631	333	546	68	15606	9	0	0	510	2	0	0	340	2	1530	3
526	632	547	333	78	9933	8	0	0	0	0	0	0	0	0	612	3
527	633	545	547	74	6208	2	0	0	170	1	0	0	170	1	1020	1
528	634	506	544	50	4046	6	0	0	340	2	0	0	170	1	510	1
529	635	257	255	97	5406	11	918	9	160	3	0	0	160	3	612	9
530	636	548	257	135	4760	8	816	8	190	5	0	0	139	4	408	8
531	637	539	549	127	6868	7	0	0	306	3	0	0	442	3	1224	3
532	638	255	478	85	2108	5	408	4	89	3	0	0	59	2	204	4
533	639	546	55	63	0	0	0	0	0	0	0	0	0	0	0	0
534	640	121	549	21	0	0	0	0	0	0	0	0	0	0	0	0
535	641	550	548	14	0	0	0	0	0	0	0	0	0	0	0	0
536	642	548	121	25	0	0	0	0	0	0	0	0	0	0	0	0
537	643	549	550	29	0	0	0	0	0	0	0	0	0	0	0	0
538	644	551	552	52	1258	4	408	4	51	1	0	0	51	1	204	4
539	645	520	477	10	0	0	0	0	0	0	0	0	0	0	0	0
540	646	522	553	3	0	0	0	0	0	0	0	0	0	0	0	0
541	647	520	313	81	2516	4	306	3	29	1	0	0	29	1	153	3
542	648	505	459	307	1666	3	204	2	59	2	0	0	59	2	102	2
543	649	551	522	73	1020	3	204	2	29	1	0	0	29	1	153	3
544	650	459	554	82	238	1	102	1	0	0	0	0	0	0	51	1
545	651	553	555	12	0	0	0	0	0	0	0	0	0	0	0	0
546	652	554	317	71	0	0	102	1	0	0	0	0	29	1	51	1
547	653	311	263	101	3536	10	1020	10	170	5	0	0	140	4	510	10
548	654	313	311	80	2244	6	612	6	199	6	0	0	119	4	255	5
549	655	317	551	112	1666	5	408	4	140	4	0	0	119	4	204	4
550	656	556	521	256	8160	19	1326	13	373	5	0	0	288	5	1581	12
551	657	139	557	88	10302	14	204	2	335	4	0	0	539	4	1581	4
552	658	558	27	183	2448	3	0	0	0	0	0	0	0	0	0	0
553	659	559	557	138	3468	8	0	0	374	3	0	0	561	4	1632	5
554	660	27	560	10	0	0	0	0	0	0	0	0	0	0	0	0
555	661	560	559	183	408	1	0	0	102	1	0	0	102	1	255	2
556	662	524	558	156	8482	15	102	1	153	2	1870	1	221	2	612	3
557	663	559	558	11	0	0	0	0	0	0	0	0	0	0	0	0
558	664	323	556	407	23616	23	0	0	1377	6	0	0	612	3	2550	5
559	665	263	561	174	4930	14	1326	13	238	8	0	0	208	7	612	12
560	666	562	563	83	646	2	204	2	0	0	0	0	0	0	102	2
561	667	553	564	102	1428	4	306	3	29	1	0	0	29	1	153	3
562	669	555	520	8	0	0	0	0	0	0	0	0	0	0	0	0
563	670	555	562	115	2686	4	816	8	29	1	0	0	29	1	204	4
564	671	564	565	97	1428	4	408	4	59	2	0	0	59	2	153	3
565	674	566	567	33	0	0	0	0	0	0	0	0	0	0	0	0
566	676	319	568	93	18360	11	0	0	442	3	0	0	374	3	1224	3
567	677	569	319	98	0	0	0	0	0	0	0	0	0	0	0	0
568	678	327	567	12	0	0	0	0	0	0	0	0	0	0	0	0
569	679	510	566	63	4896	6	0	0	765	3	0	0	765	3	3468	8
570	680	327	52	70	4080	4	0	0	102	1	0	0	170	1	510	1
571	681	52	569	100	7718	11	0	0	272	2	0	0	272	2	408	2
572	682	568	570	74	6120	3	0	0	102	1	0	0	170	1	510	1
573	683	197	195	110	0	0	0	0	0	0	0	0	0	0	0	0
574	684	28	571	83	0	0	0	0	0	0	0	0	0	0	0	0
575	685	572	523	819	4216	6	0	0	102	1	0	0	170	1	510	1
576	686	573	560	107	306	1	0	0	0	0	0	0	0	0	51	1
577	688	196	574	254	0	0	0	0	0	0	0	0	0	0	0	0
578	689	575	576	182	4080	5	0	0	0	0	0	0	0	0	0	0
579	690	195	575	177	10404	17	0	0	0	0	0	0	0	0	510	1
580	691	577	197	87	0	0	0	0	0	0	0	0	0	0	0	0
581	692	574	23	86	0	0	0	0	0	0	0	0	0	0	0	0
582	693	1	196	357	0	0	0	0	0	0	0	0	0	0	0	0
583	694	557	523	223	4080	4	0	0	170	1	0	0	102	1	510	1
584	695	571	577	57	0	0	0	0	0	0	0	0	0	0	0	0
585	696	23	573	85	0	0	0	0	0	0	1700	1	0	0	0	0
586	698	578	579	149	10200	5	0	0	1020	5	1700	1	561	4	2040	4
587	700	578	581	48	2040	1	0	0	0	0	0	0	0	0	510	1
588	701	582	245	76	408	1	0	0	0	0	0	0	0	0	0	0
589	702	583	523	41	0	0	0	0	0	0	0	0	0	0	0	0
590	703	245	584	68	680	1	0	0	0	0	0	0	0	0	0	0
591	704	49	582	338	46129	45	0	0	1734	8	0	0	986	6	3843	15
592	705	584	583	322	306	1	0	0	0	0	0	0	0	0	0	0
593	706	189	581	137	8228	5	102	1	153	2	0	0	221	2	561	2
594	707	581	185	38	0	0	0	0	0	0	0	0	0	0	0	0
595	709	523	141	103	14280	12	0	0	850	4	0	0	425	2	2040	4
596	711	141	189	93	6120	3	0	0	204	2	0	0	340	2	1020	2
597	712	24	585	119	23800	9	0	0	0	0	0	0	0	0	510	1
598	713	28	23	12	0	0	0	0	0	0	0	0	0	0	0	0
599	714	24	586	164	2040	2	0	0	0	0	0	0	0	0	0	0
600	715	169	587	102	24376	24	0	0	680	7	0	0	646	5	2856	11
601	716	588	587	19	0	0	0	0	0	0	0	0	0	0	0	0
602	717	588	164	165	25068	26	102	1	986	8	0	0	1096	8	3111	10
603	718	364	366	73	0	0	0	0	0	0	0	0	0	0	0	0
604	721	589	113	24	0	0	0	0	0	0	0	0	0	0	0	0
605	722	590	591	50	13452	9	0	0	204	2	0	0	272	2	714	2
606	723	364	589	102	3808	3	0	0	255	1	0	0	255	1	1020	2
607	724	113	345	75	8160	12	0	0	204	2	3400	1	340	2	510	1
608	725	591	572	77	12417	4	0	0	816	4	0	0	204	2	1020	2
609	726	345	590	34	0	0	0	0	0	0	0	0	0	0	1020	2
610	727	586	592	103	3606	4	306	3	59	2	0	0	59	2	153	3
611	728	593	594	150	14654	17	1020	10	505	8	0	0	425	6	1508	12
612	729	585	592	121	20726	27	0	0	510	2	935	1	255	1	1530	3
613	730	187	586	316	13396	19	1428	14	556	14	0	0	415	13	765	15
614	731	191	187	84	2856	8	714	7	220	6	0	0	220	6	357	7
615	732	594	191	82	3468	8	918	9	199	6	0	0	178	6	408	8
616	733	94	595	266	19492	43	0	0	969	6	0	0	969	5	4182	10
617	735	595	572	177	17784	13	0	0	935	5	0	0	442	3	2550	5
618	736	572	596	271	24954	31	0	0	1751	8	3400	1	1530	7	4080	8
619	737	594	186	82	1224	4	408	4	29	1	1246	1	29	1	204	4
620	738	190	594	91	1632	5	510	5	139	4	0	0	58	2	255	5
621	739	142	139	3	0	0	0	0	0	0	0	0	0	0	0	0
622	740	142	190	87	2006	5	612	6	89	3	0	0	59	2	357	7
623	741	524	557	20	0	0	0	0	0	0	0	0	0	0	0	0
624	742	580	597	55	0	0	0	0	0	0	0	0	0	0	0	0
625	743	597	598	25	1632	4	0	0	0	0	0	0	0	0	510	1
626	744	599	176	227	14228	26	0	0	1037	6	0	0	1020	5	4080	8
627	745	580	176	48	0	0	0	0	765	3	0	0	510	2	510	1
628	746	597	600	78	6732	12	0	0	527	3	0	0	170	1	2550	5
629	747	193	601	83	15912	9	0	0	255	1	0	0	102	1	714	2
630	748	574	193	165	23179	10	0	0	1564	5	0	0	1105	3	2040	4
631	749	571	574	10	0	0	0	0	0	0	0	0	0	0	0	0
632	759	1	576	12	0	0	0	0	0	0	0	0	0	0	0	0
633	762	0	602	77	0	0	0	0	0	0	0	0	0	0	0	0
634	763	467	464	19	0	0	0	0	0	0	0	0	0	0	0	0
635	764	602	462	22	0	0	0	0	0	0	0	0	0	0	0	0
636	766	603	604	139	15832	39	0	0	765	3	1133	1	510	3	1530	3
637	767	602	603	88	0	0	0	0	0	0	0	0	0	0	0	0
638	768	605	603	78	2040	1	0	0	510	1	0	0	170	1	510	1
639	769	575	606	60	0	0	0	0	0	0	0	0	0	0	0	0
640	770	607	198	142	13716	54	0	0	1955	8	850	1	935	5	8160	8
641	771	198	608	147	0	0	0	0	680	3	0	0	680	3	4080	4
642	772	606	607	132	15696	34	0	0	765	3	1870	1	340	2	3060	3
643	773	609	198	103	0	0	0	0	0	0	0	0	0	0	0	0
644	774	606	610	286	32684	47	0	0	1785	6	1870	1	850	4	8160	8
645	775	611	612	70	714	2	204	2	0	0	0	0	0	0	80	2
646	776	613	611	11	0	0	0	0	0	0	0	0	0	0	0	0
647	777	409	614	236	25372	36	918	9	1678	11	0	0	1436	12	4437	21
648	778	614	615	13	918	3	204	2	29	1	0	0	29	1	102	2
649	779	199	616	171	782	3	102	1	29	1	0	0	29	1	153	3
650	780	617	199	102	918	3	306	3	0	0	0	0	0	0	153	3
651	781	613	617	99	1462	5	510	5	29	1	0	0	29	1	233	5
652	782	615	612	85	3026	9	1020	10	29	1	0	0	29	1	459	9
653	783	618	596	53	0	0	0	0	0	0	0	0	0	0	0	0
654	784	17	618	33	0	0	0	0	0	0	0	0	0	0	0	0
655	785	619	618	94	4590	5	0	0	306	3	0	0	306	3	204	1
656	786	15	619	128	11342	17	0	0	612	6	0	0	680	6	1530	6
657	787	591	115	162	14286	29	0	0	1054	9	0	0	1462	9	3783	10
658	788	115	619	64	1224	2	0	0	102	1	0	0	102	1	204	1
659	789	620	213	140	24834	8	0	0	0	0	0	0	0	0	0	0
660	790	621	212	141	1564	5	510	5	119	4	0	0	89	3	182	4
661	791	213	622	103	23854	10	0	0	2040	2	1246	1	1020	1	0	0
662	792	623	624	90	816	2	204	2	0	0	0	0	0	0	102	2
663	793	212	625	99	1224	4	408	4	89	3	0	0	59	2	204	4
664	794	622	626	110	0	0	0	0	0	0	0	0	0	0	0	0
665	795	625	626	101	646	2	204	2	59	2	0	0	59	2	102	2
666	796	620	624	7	0	0	0	0	0	0	0	0	0	0	0	0
667	797	417	457	86	17144	19	0	0	1105	3	0	0	1190	3	2040	4
668	798	609	577	103	16112	22	0	0	765	3	0	0	595	3	2040	4
669	799	620	609	226	28583	20	1020	10	348	7	0	0	403	6	1020	11
670	800	457	627	104	3978	13	918	9	119	4	0	0	119	4	510	10
671	801	627	621	180	5984	18	1734	17	238	8	0	0	238	8	867	17
672	802	624	621	6	0	0	0	0	0	0	0	0	0	0	0	0
673	803	419	208	83	8976	11	0	0	0	0	0	0	0	0	0	0
674	804	208	215	150	8160	8	0	0	0	0	0	0	0	0	204	1
675	805	215	626	148	20722	20	204	2	58	2	935	1	58	2	153	3
676	806	211	628	115	1156	4	510	5	88	3	0	0	58	2	204	4
677	807	627	211	69	2788	9	918	9	119	4	0	0	119	4	459	9
678	808	629	630	73	2006	7	714	7	88	3	0	0	88	3	306	6
679	809	628	214	40	612	2	204	2	51	1	0	0	51	1	102	2
680	810	622	607	232	21872	26	0	0	1190	5	0	0	816	5	3366	15
681	811	209	628	109	5644	12	1224	12	224	5	0	0	148	5	459	9
682	812	214	630	75	1156	4	408	4	140	4	0	0	140	4	204	4
683	813	630	625	74	1224	4	612	6	59	2	0	0	59	2	204	4
684	814	415	209	88	15708	14	0	0	816	5	0	0	425	2	1122	4
685	815	631	221	100	4080	2	0	0	0	0	0	0	0	0	0	0
686	816	221	217	104	8160	4	0	0	510	2	0	0	170	1	510	1
687	817	403	631	81	0	0	0	0	0	0	0	0	0	0	0	0
688	818	631	216	109	12240	6	0	0	680	3	0	0	510	3	1020	2
689	819	632	631	105	11900	7	0	0	170	1	0	0	170	1	510	1
690	820	216	633	92	3400	2	0	0	442	3	0	0	272	2	714	2
691	821	218	315	54	0	0	0	0	0	0	0	0	0	0	0	0
692	822	419	632	88	0	0	0	0	0	0	0	0	0	0	0	0
693	823	632	220	116	19380	11	0	0	425	2	850	1	357	2	1224	3
694	824	220	218	135	0	0	0	0	0	0	0	0	0	0	0	0
695	825	315	498	115	8772	12	0	0	0	0	0	0	255	1	1020	2
696	826	2	634	162	17056	30	0	0	765	3	0	0	1020	4	2040	4
697	827	2	218	100	17156	24	0	0	1139	6	0	0	1360	6	4059	10
698	828	635	636	120	612	2	204	2	59	2	0	0	59	2	102	2
699	829	637	638	87	2788	9	918	9	199	6	0	0	110	3	459	9
700	830	635	637	10	0	0	0	0	0	0	0	0	0	0	0	0
701	831	4	635	91	2856	9	918	9	29	1	0	0	29	1	510	10
702	832	639	495	105	0	0	0	0	0	0	0	0	0	0	0	0
703	834	407	491	264	21984	34	0	0	1156	7	0	0	1139	7	3774	7
704	835	496	640	235	7494	29	2043	29	386	13	0	0	297	10	969	29
705	836	640	641	96	1768	6	612	6	119	4	0	0	89	3	306	6
706	837	638	639	181	7344	24	1950	24	280	8	0	0	259	8	1001	24
707	838	642	638	72	2244	7	714	7	29	1	0	0	29	1	357	7
708	839	640	642	18	0	0	0	0	0	0	0	0	0	0	0	0
709	840	634	489	123	16018	10	102	1	641	5	0	0	624	4	2091	5
710	841	222	634	250	9996	29	1932	24	378	12	0	0	378	12	965	25
711	842	416	222	79	15606	10	102	1	272	2	0	0	357	2	1275	4
712	847	644	645	15	0	0	0	0	0	0	0	0	0	0	0	0
713	848	646	644	64	0	0	0	0	0	0	0	0	0	0	0	0
714	849	227	647	84	0	0	0	0	0	0	0	0	0	0	0	0
715	850	647	646	79	15880	9	0	0	255	1	0	0	170	1	1020	2
716	851	413	646	197	10268	8	102	1	204	2	3740	1	340	2	1071	3
717	852	646	232	191	24838	10	0	0	680	4	0	0	765	3	3060	6
718	853	648	649	49	21628	46	0	0	1105	5	0	0	1275	5	4080	8
719	854	647	648	115	14624	10	0	0	340	2	0	0	255	1	1020	2
720	855	405	647	160	26052	11	0	0	714	4	0	0	680	4	2550	5
721	856	516	224	75	21852	22	0	0	1275	4	850	1	765	3	3060	4
722	857	224	648	83	0	0	0	0	0	0	0	0	0	0	0	0
723	858	414	228	78	612	2	204	2	59	2	0	0	29	1	102	2
724	859	645	131	8	612	2	204	2	29	1	0	0	29	1	102	2
725	860	133	644	14	0	0	0	0	0	0	0	0	0	0	0	0
726	861	228	133	140	18394	18	306	3	425	2	0	0	454	3	2193	7
727	862	645	494	165	15896	29	0	0	1190	5	0	0	935	5	5100	6
728	863	40	5	131	28485	35	0	0	1785	6	0	0	1445	5	3060	6
729	864	5	10	129	20823	18	0	0	1020	2	1898	2	340	2	3060	6
730	865	650	651	192	0	0	0	0	1275	5	1870	1	1020	4	3264	7
731	866	652	650	70	0	0	0	0	0	0	0	0	0	0	0	0
732	868	492	652	127	25680	36	0	0	1700	8	0	0	1445	7	3938	9
733	869	653	138	142	4556	11	1326	13	178	6	0	0	139	4	510	10
734	870	138	654	108	3842	6	612	6	118	4	0	0	118	4	284	6
735	871	412	653	85	12648	7	102	1	1559	4	0	0	539	3	2091	5
736	872	235	655	26	408	1	102	1	0	0	0	0	0	0	51	1
737	873	617	655	49	238	1	102	1	29	1	0	0	29	1	51	1
738	874	485	480	29	0	0	0	0	0	0	0	0	0	0	0	0
739	875	655	234	23	0	0	0	0	0	0	0	0	0	0	0	0
740	876	235	485	67	986	2	204	2	59	2	0	0	59	2	102	2
741	877	480	656	106	14996	25	0	0	1785	7	1870	1	765	3	4151	10
742	878	414	657	85	0	0	0	0	0	0	3740	1	0	0	0	0
743	879	658	623	39	0	0	0	0	0	0	0	0	0	0	0	0
744	880	657	658	247	3672	11	1020	10	119	4	0	0	59	2	510	10
745	882	656	202	76	0	0	0	0	0	0	0	0	0	0	0	0
746	883	623	656	81	0	0	0	0	0	0	0	0	0	0	0	0
747	884	659	660	82	1326	4	408	4	59	2	0	0	29	1	204	4
748	885	137	659	77	1870	5	510	5	118	4	0	0	118	4	204	4
749	886	136	659	81	714	2	204	2	59	2	0	0	29	1	102	2
750	887	661	137	87	2414	4	306	3	80	2	0	0	80	2	153	3
751	888	662	410	85	0	0	0	0	0	0	0	0	0	0	0	0
752	889	406	663	85	2040	2	0	0	0	0	0	0	0	0	0	0
753	890	483	479	27	0	0	0	0	0	0	0	0	0	0	0	0
754	891	664	657	72	15776	10	204	2	824	5	0	0	484	4	4182	6
755	892	664	413	85	0	0	0	0	0	0	0	0	0	0	0	0
756	893	411	665	85	0	0	0	0	0	0	0	0	0	0	0	0
757	894	663	662	44	1156	2	306	3	58	2	0	0	58	2	102	2
758	895	479	663	62	1224	3	204	2	0	0	0	0	0	0	51	1
759	896	653	483	93	2210	5	306	3	80	2	0	0	29	1	153	3
760	897	662	661	74	1020	3	306	3	29	1	0	0	29	1	153	3
761	898	664	665	18	0	0	0	0	0	0	0	0	0	0	0	0
762	899	665	661	3	0	0	0	0	0	0	0	0	0	0	0	0
763	900	484	482	27	0	0	0	0	0	0	0	0	0	0	0	0
764	901	660	658	63	306	1	102	1	29	1	0	0	0	0	51	1
765	902	482	660	93	238	1	102	1	29	1	0	0	29	1	51	1
766	903	481	623	140	0	0	0	0	0	0	0	0	0	0	0	0
767	904	236	654	29	408	1	102	1	51	1	0	0	51	1	51	1
768	905	666	612	70	2244	7	714	7	29	1	1870	1	29	1	357	7
769	906	667	243	88	3910	9	714	7	374	5	0	0	374	5	867	8
770	907	668	669	129	12036	17	510	5	556	4	0	0	403	4	1224	9
771	908	236	484	80	1156	4	408	4	0	0	0	0	0	0	204	4
772	909	669	667	189	9860	21	1632	16	411	10	0	0	390	10	1096	17
773	910	612	654	73	918	3	306	3	29	1	0	0	29	1	153	3
774	911	243	666	102	2958	9	1020	10	148	5	0	0	119	4	535	9
775	912	239	241	69	2992	9	816	8	89	3	0	0	29	1	408	8
776	913	670	615	75	2414	8	816	8	0	0	0	0	0	0	408	8
777	914	241	670	38	1020	3	306	3	59	2	0	0	0	0	153	3
778	915	670	614	63	306	1	102	1	0	0	0	0	0	0	51	1
779	916	408	238	76	8942	20	714	7	119	4	0	0	118	4	357	7
780	917	238	239	71	2448	8	816	8	0	0	0	0	0	0	408	8
781	918	671	672	79	3366	7	714	7	153	2	0	0	131	2	459	6
782	919	672	667	82	2754	5	510	5	80	2	0	0	51	1	255	5
783	920	673	672	166	7922	21	1632	16	220	6	0	0	148	5	714	14
784	921	674	673	155	12166	24	1224	12	258	8	1870	1	228	7	816	13
785	922	673	669	76	918	3	204	2	29	1	0	0	29	1	102	2
786	923	675	673	77	714	2	306	3	131	3	0	0	110	3	153	3
787	924	676	675	179	15476	22	1224	12	717	11	0	0	590	8	1887	13
788	925	675	671	143	10472	18	816	8	433	8	0	0	318	6	918	9
789	926	246	677	258	22722	50	0	0	2075	19	3740	1	1946	16	4029	19
790	927	584	246	214	19102	38	0	0	952	8	0	0	1020	8	4080	14
791	928	677	611	110	10200	5	0	0	510	1	0	0	510	1	510	1
792	929	677	678	34	6800	4	0	0	170	1	0	0	255	1	1020	2
793	930	643	490	263	16720	19	0	0	765	3	3400	2	425	2	6120	6
794	931	253	87	35	0	0	0	0	0	0	0	0	0	0	0	0
795	932	128	253	279	44647	60	0	0	4165	15	0	0	2380	10	4508	17
796	933	474	517	8	0	0	0	0	0	0	0	0	0	0	0	0
797	934	517	652	86	24244	14	0	0	1020	2	0	0	340	2	2040	4
798	935	476	519	6	0	0	0	0	0	0	0	0	0	0	0	0
799	936	120	258	153	15616	14	0	0	272	2	0	0	357	2	1224	3
800	937	258	256	95	0	0	0	0	0	0	0	0	0	0	0	0
801	938	679	680	70	23733	10	0	0	0	0	0	0	0	0	1530	3
802	939	64	679	144	22771	16	0	0	1785	4	0	0	765	3	4080	8
803	940	679	62	51	0	0	0	0	0	0	0	0	0	0	0	0
804	941	681	682	16	0	0	0	0	0	0	0	0	0	0	0	0
805	942	259	683	62	646	2	204	2	59	2	0	0	59	2	80	2
806	943	563	684	440	11436	43	2900	42	696	22	0	0	616	20	1395	41
807	944	259	681	8	0	0	0	0	0	0	0	0	0	0	0	0
808	945	685	35	164	32770	30	0	0	1530	6	0	0	765	3	3862	15
809	946	683	681	64	0	0	0	0	0	0	0	0	0	0	0	0
810	947	686	687	269	25455	19	0	0	527	3	0	0	595	3	2550	5
811	948	686	688	61	0	0	0	0	0	0	0	0	0	0	0	0
812	949	684	32	10	0	0	0	0	0	0	0	0	0	0	0	0
813	951	689	686	13	0	0	0	0	0	0	0	0	0	0	0	0
814	952	688	690	64	22680	19	0	0	595	3	0	0	527	3	2550	5
815	953	691	565	252	8772	22	2244	22	561	16	0	0	407	13	969	19
816	954	563	565	21	0	0	0	0	0	0	0	0	0	0	0	0
817	955	683	689	53	0	0	0	0	0	0	0	0	0	0	0	0
818	956	685	692	176	9180	5	0	0	0	0	0	0	0	0	0	0
819	957	689	685	13	0	0	0	0	0	0	0	0	0	0	0	0
820	958	536	691	181	3604	11	816	8	629	6	0	0	374	5	2426	10
821	959	127	691	82	3468	6	408	4	102	1	0	0	102	1	408	5
822	960	554	127	118	4794	13	918	9	148	5	0	0	118	4	459	9
823	961	534	260	53	25242	9	102	1	284	2	3740	1	284	2	2091	3
824	962	550	556	192	8636	13	510	5	335	4	0	0	403	4	1326	8
825	963	554	556	15	0	0	0	0	0	0	0	0	0	0	0	0
826	964	691	260	91	1122	3	408	4	29	1	0	0	29	1	153	3
827	965	693	694	38	0	0	0	0	0	0	0	0	0	0	0	0
828	966	682	693	37	12240	6	0	0	170	1	3400	1	255	1	1020	2
829	967	518	262	144	11112	11	0	0	765	3	0	0	425	2	2244	5
830	968	695	693	39	2720	4	0	0	255	1	0	0	170	1	510	1
831	969	694	684	16	0	0	0	0	0	0	0	0	0	0	0	0
832	970	682	694	8	0	0	0	0	0	0	0	0	0	0	0	0
833	971	561	695	117	14348	9	102	1	255	1	0	0	255	1	561	2
834	972	262	561	180	7548	9	102	1	131	2	0	0	170	1	561	2
835	973	314	312	81	1938	6	612	6	59	2	0	0	29	1	284	6
836	974	562	314	80	1088	4	408	4	29	1	0	0	29	1	204	4
837	975	312	695	288	19844	53	816	8	2131	15	0	0	1925	15	4194	34
838	976	318	127	70	306	1	102	1	0	0	0	0	0	0	51	1
839	977	318	564	184	4964	15	1530	15	118	4	0	0	88	3	663	13
840	978	696	119	71	0	0	0	0	0	0	0	0	0	0	0	0
841	980	53	697	70	10347	4	0	0	102	1	0	0	170	1	510	1
842	981	697	696	179	6208	2	0	0	0	0	0	0	0	0	0	0
843	982	698	699	79	408	1	102	1	29	1	0	0	0	0	51	1
844	983	700	701	68	3570	11	1020	10	58	2	0	0	58	2	408	8
845	984	702	703	68	2550	6	612	6	29	1	0	0	29	1	306	6
846	985	699	704	45	850	3	306	3	88	3	0	0	88	3	663	4
847	986	530	698	220	17052	53	2984	48	641	16	0	0	441	10	1259	45
848	987	702	700	82	2006	4	306	3	102	1	0	0	102	1	306	3
849	988	704	702	20	0	0	0	0	0	0	0	0	0	0	0	0
850	989	705	706	190	6664	20	1836	18	458	14	0	0	347	11	867	17
851	990	700	705	65	714	2	204	2	0	0	0	0	0	0	80	2
852	991	706	570	94	816	2	102	1	0	0	0	0	0	0	51	1
853	992	707	708	122	14848	13	0	0	527	3	1870	1	612	3	4080	8
854	993	705	709	77	1836	6	510	5	140	4	0	0	110	3	255	5
855	994	709	710	55	1428	4	306	3	0	0	0	0	0	0	153	3
856	995	711	705	74	3264	5	204	2	170	1	0	0	170	1	612	3
857	996	708	57	151	24793	33	0	0	1785	7	1133	1	909	5	3502	12
858	997	57	712	99	15096	8	0	0	204	2	0	0	340	2	1020	2
859	998	713	707	360	22512	69	306	3	2577	22	0	0	2625	21	3947	27
860	999	712	322	113	0	0	0	0	0	0	0	0	0	0	0	0
861	1000	286	713	144	25062	39	306	3	595	5	0	0	612	5	2499	10
862	1001	709	714	16	0	0	0	0	0	0	0	0	0	0	0	0
863	1002	714	715	40	306	1	0	0	0	0	0	0	0	0	51	1
864	1004	322	716	91	714	2	204	2	80	2	0	0	59	2	102	2
865	1005	716	711	47	0	0	0	0	0	0	0	0	0	0	0	0
866	1006	717	711	25	0	0	0	0	0	0	0	0	0	0	0	0
867	1007	322	717	91	0	0	0	0	0	0	0	0	0	0	0	0
868	1008	718	712	255	15386	30	102	1	1729	8	0	0	1134	6	7191	10
869	1009	712	569	291	24006	42	1632	16	1512	15	0	0	1138	9	8801	24
870	1010	538	718	187	21144	36	2040	20	1797	15	0	0	658	8	4463	29
871	1011	719	720	79	646	2	306	3	89	3	0	0	89	3	153	3
872	1012	721	704	92	4284	18	0	0	0	0	0	0	0	0	510	1
873	1013	720	699	92	4760	20	0	0	0	0	0	0	0	0	0	0
874	1014	720	721	45	850	3	204	2	59	2	0	0	59	2	102	2
875	1015	722	568	74	408	1	102	1	29	1	0	0	29	1	51	1
876	1016	716	717	38	0	0	0	0	0	0	0	0	0	0	0	0
877	1017	535	719	210	8972	39	2115	38	556	18	0	0	296	10	1145	38
878	1018	717	722	205	13396	26	1938	19	760	17	0	0	611	15	1734	22
879	1019	721	716	111	13090	11	714	7	211	4	0	0	160	3	306	6
880	1020	698	723	111	2584	10	1020	10	59	2	0	0	29	1	416	9
881	1021	324	719	88	2040	8	816	8	131	3	0	0	58	2	408	8
882	1022	719	698	90	2584	8	816	8	89	3	0	0	59	2	386	8
883	1023	718	324	114	4964	18	1734	17	208	7	0	0	148	5	896	18
884	1024	124	724	41	17221	7	102	1	199	2	0	0	199	2	51	1
885	1025	725	714	255	26520	61	1020	10	4054	17	0	0	901	8	10865	25
886	1026	725	726	84	4352	9	714	7	0	0	0	0	0	0	335	7
887	1027	724	727	107	4420	16	1734	17	140	4	0	0	110	3	816	16
888	1028	326	723	47	306	1	102	1	0	0	0	0	0	0	80	2
889	1029	727	326	36	1530	5	714	7	88	3	0	0	88	3	255	5
890	1030	723	725	75	16320	24	0	0	0	0	3740	1	0	0	0	0
891	1031	706	715	206	7344	21	2244	22	258	8	0	0	207	7	1020	20
892	1032	722	706	94	2108	3	102	1	539	3	0	0	510	2	3111	5
893	1034	728	511	70	6208	2	0	0	1275	5	0	0	1020	4	4080	8
894	1035	500	729	109	16196	10	0	0	1122	5	3740	1	1190	5	2550	5
895	1036	730	731	95	15832	12	0	0	629	4	0	0	850	5	2550	5
896	1037	732	729	4	0	0	0	0	0	0	0	0	0	0	0	0
897	1038	707	728	89	24834	8	0	0	0	0	0	0	0	0	0	0
898	1039	731	707	107	0	0	0	0	0	0	0	0	0	0	1020	2
899	1040	732	730	85	2040	2	0	0	102	1	0	0	59	1	0	0
900	1041	733	734	35	0	0	0	0	0	0	0	0	0	0	0	0
901	1042	728	735	97	1020	1	0	0	0	0	0	0	0	0	0	0
902	1043	735	734	145	14117	6	0	0	170	1	0	0	170	1	1020	2
903	1044	566	734	34	0	0	0	0	0	0	0	0	0	0	0	0
904	1046	736	737	86	17622	9	0	0	425	2	0	0	255	1	1020	2
905	1047	58	736	84	28737	13	0	0	357	2	0	0	357	2	1224	3
906	1048	737	738	25	15980	15	0	0	255	1	935	1	170	1	2550	5
907	1049	738	735	25	0	0	0	0	0	0	0	0	0	0	0	0
908	1050	733	567	35	0	0	0	0	0	0	0	0	0	0	0	0
909	1051	736	733	118	11424	8	0	0	425	2	0	0	170	1	1020	2
910	1052	285	739	151	15912	11	306	3	705	7	0	0	790	7	1887	7
911	1053	739	731	338	19500	37	1734	17	768	12	0	0	747	9	3009	26
912	1055	740	741	47	0	0	0	0	204	2	3740	2	170	1	3060	6
913	1057	731	740	57	0	0	0	0	0	0	0	0	0	0	0	0
914	1058	742	48	229	20110	22	102	1	1003	6	935	1	986	6	12036	30
915	1060	743	730	336	16780	50	3672	36	998	20	0	0	1011	20	3038	39
916	1061	730	742	56	6528	10	0	0	272	2	1870	1	272	2	1020	2
917	1062	281	743	140	14248	20	408	4	760	8	0	0	930	7	2754	9
918	1063	504	732	177	16632	25	0	0	1819	9	0	0	1530	8	4020	12
919	1064	291	504	285	21480	54	0	0	1741	19	0	0	1935	15	3401	21
920	1065	729	330	75	14280	7	0	0	425	2	0	0	340	2	1020	2
921	1066	330	332	77	14060	9	0	0	1360	3	0	0	595	3	2550	5
922	1067	332	59	142	25116	23	0	0	578	5	0	0	714	5	2244	5
923	1068	547	336	181	18102	44	0	0	1853	11	0	0	1428	9	4182	10
924	1069	744	338	25	0	0	0	0	0	0	0	0	0	0	0	0
925	1070	336	744	26	0	0	0	0	0	0	3740	1	0	0	0	0
926	1071	338	532	202	19050	18	0	0	1870	8	0	0	1530	6	3700	10
927	1072	546	745	211	30291	28	0	0	1564	7	0	0	1615	8	3575	9
928	1073	745	533	225	34655	40	102	1	1802	12	1870	1	1717	11	3702	16
929	1074	745	60	60	6208	2	0	0	102	1	0	0	170	1	510	1
930	1075	744	339	79	0	0	0	0	680	3	0	0	255	1	510	1
931	1076	339	745	68	0	0	0	0	0	0	0	0	0	0	0	0
932	1077	335	85	11	0	0	0	0	0	0	0	0	0	0	0	0
933	1078	545	335	179	33932	32	0	0	1139	7	0	0	1309	7	4182	10
934	1079	85	337	40	0	0	0	0	0	0	0	0	0	0	0	0
935	1080	337	531	201	22090	40	0	0	1190	8	0	0	1360	7	4080	8
936	1081	102	746	74	7180	14	0	0	170	1	0	0	255	1	1020	2
937	1082	102	100	6	0	0	0	0	0	0	0	0	0	0	0	0
938	1083	544	341	60	0	0	0	0	0	0	0	0	0	0	0	0
939	1084	341	100	70	15832	16	0	0	816	5	0	0	1122	6	2550	5
940	1085	529	97	219	0	0	0	0	3060	6	2266	2	510	2	7210	15
941	1086	747	748	72	0	0	0	0	0	0	0	0	0	0	0	0
942	1087	528	747	74	10200	5	0	0	272	2	0	0	170	1	510	1
943	1088	748	746	74	6120	3	0	0	510	2	0	0	255	1	2040	4
944	1089	739	713	65	4124	2	102	1	153	2	0	0	255	2	561	2
945	1090	743	739	65	2040	2	102	1	0	0	0	0	0	0	51	1
946	1091	749	750	195	13804	19	0	0	833	6	3740	1	884	6	4692	9
947	1092	63	749	13	0	0	0	0	0	0	0	0	0	0	0	0
948	1093	547	343	82	21680	38	0	0	1870	4	6800	2	1700	4	4572	12
949	1094	343	750	75	8394	42	0	0	3060	6	0	0	3570	7	5652	22
950	1095	751	752	60	22491	12	0	0	459	3	0	0	527	3	1224	3
951	1096	752	183	93	10200	7	0	0	459	3	0	0	680	3	2040	4
952	1097	357	514	72	13605	17	0	0	102	1	0	0	102	1	204	1
953	1098	514	49	156	21716	35	0	0	2414	10	0	0	1428	9	3596	11
954	1099	753	751	96	17093	22	0	0	969	7	0	0	1037	6	2805	7
955	1100	753	178	25	0	0	0	0	0	0	0	0	0	0	0	0
956	1101	147	349	258	37803	29	0	0	1530	5	0	0	1105	4	2040	4
957	1102	349	178	77	0	0	0	0	0	0	0	0	0	0	0	0
958	1103	752	357	23	10200	5	0	0	0	0	0	0	0	0	0	0
959	1104	353	754	112	8486	14	0	0	476	4	0	0	476	4	2040	4
960	1105	755	756	44	1020	1	0	0	102	1	0	0	170	1	510	1
961	1106	94	755	151	24480	19	0	0	374	3	0	0	442	3	1530	3
962	1107	755	353	111	11220	6	0	0	357	2	0	0	340	2	1020	2
963	1108	354	757	112	12716	14	0	0	612	3	0	0	459	3	918	3
964	1109	756	354	19	0	0	0	0	0	0	0	0	0	0	0	0
965	1110	757	147	77	4860	10	0	0	170	1	0	0	102	1	510	1
966	1111	758	351	99	16645	17	0	0	1326	5	0	0	1020	4	3909	14
967	1112	758	759	67	15912	12	0	0	510	2	0	0	170	1	510	1
968	1113	757	754	39	0	0	0	0	0	0	0	0	0	0	0	0
969	1114	754	758	40	8160	4	0	0	272	2	0	0	272	2	1020	2
970	1115	760	178	149	8160	4	0	0	102	1	8500	3	170	1	510	1
971	1116	351	760	44	0	0	0	0	0	0	0	0	0	0	0	0
972	1117	753	356	76	408	1	0	0	0	0	0	0	0	0	0	0
973	1118	355	761	152	5678	15	1122	11	208	7	0	0	178	6	561	11
974	1119	751	355	98	9792	14	510	5	313	5	0	0	398	4	969	7
975	1120	762	589	166	16170	19	612	6	637	7	0	0	615	7	1479	8
976	1121	397	762	265	10024	29	1734	17	463	10	0	0	339	8	1479	20
977	1122	763	360	82	19414	13	306	3	680	3	0	0	255	1	2193	7
978	1123	360	762	53	408	1	102	1	51	1	0	0	0	0	51	1
979	1124	595	763	126	10166	13	102	1	199	2	0	0	131	2	1275	7
980	1125	359	763	77	1700	1	0	0	102	1	0	0	102	1	204	1
981	1126	764	359	74	16588	14	0	0	1224	7	1700	1	816	6	714	2
982	1127	765	79	26	2856	2	0	0	102	1	0	0	59	1	204	1
983	1128	79	389	62	4080	2	0	0	102	1	0	0	170	1	510	1
984	1129	470	766	23	13056	16	0	0	340	2	0	0	510	2	1530	3
985	1130	766	765	35	7140	5	0	0	204	2	0	0	340	2	1020	2
986	1131	767	768	52	4250	5	0	0	255	1	0	0	170	1	1020	1
987	1132	373	767	188	25432	22	0	0	1530	10	0	0	1479	9	3666	9
988	1133	768	769	27	1360	1	0	0	425	2	0	0	170	1	3060	3
989	1134	765	368	75	5100	5	0	0	204	2	0	0	204	2	408	2
990	1135	368	770	92	7376	24	0	0	1445	9	0	0	1581	9	4182	10
991	1136	770	767	69	12444	14	0	0	255	1	0	0	255	1	918	3
992	1138	395	770	178	32595	23	0	0	1020	8	3740	1	1156	7	2244	5
993	1139	771	155	94	18626	6	0	0	680	3	0	0	340	2	1530	3
994	1140	392	771	67	10880	6	0	0	306	3	0	0	442	3	1224	3
995	1141	771	772	112	13656	11	0	0	714	4	0	0	425	2	2040	4
996	1142	377	773	101	9248	10	204	2	437	4	0	0	437	4	1377	6
997	1143	396	377	97	8976	8	204	2	357	2	0	0	340	2	1122	4
998	1144	773	158	127	12274	13	306	3	357	4	0	0	425	4	1071	6
999	1145	773	204	97	13056	14	0	0	102	1	0	0	102	1	510	1
1000	1146	204	112	111	5780	10	0	0	102	1	3400	1	102	1	2244	5
1001	1147	112	756	139	11736	16	0	0	935	7	0	0	1020	7	2040	7
1002	1148	381	382	56	16728	9	0	0	714	2	0	0	425	2	1734	4
1003	1149	774	267	101	18360	12	0	0	425	2	0	0	425	2	1428	4
1004	1150	382	378	83	8160	4	0	0	0	0	0	0	0	0	0	0
1005	1151	379	378	3	0	0	0	0	0	0	0	0	0	0	0	0
1006	1152	36	381	96	13680	15	0	0	748	6	0	0	901	6	3060	6
1007	1153	379	109	101	9520	11	102	1	204	2	0	0	204	2	714	5
1008	1154	109	775	82	21548	15	0	0	510	3	0	0	595	3	2091	5
1009	1155	774	775	38	0	0	0	0	0	0	0	0	0	0	0	0
1010	1156	146	775	118	22366	10	306	3	170	1	0	0	255	1	641	4
1011	1157	775	776	98	4872	6	612	6	118	4	0	0	88	3	306	6
1012	1158	776	106	128	6392	12	1122	11	326	11	0	0	288	9	663	13
1013	1159	295	777	156	8160	4	0	0	765	4	0	0	867	4	1530	3
1014	1160	97	746	73	0	0	0	0	0	0	1700	1	0	0	0	0
1015	1161	777	746	107	0	0	0	0	0	0	0	0	0	0	0	0
1016	1162	502	778	78	12240	6	0	0	1020	2	0	0	255	1	1020	2
1017	1163	777	101	73	7066	20	0	0	680	3	5610	1	765	3	3060	6
1018	1164	779	777	74	4080	2	0	0	1445	6	0	0	765	3	3570	7
1019	1165	778	779	73	2040	1	0	0	765	3	0	0	170	1	510	1
1020	1166	289	779	165	5304	5	0	0	2380	5	0	0	765	3	3862	18
1021	1167	779	748	108	0	0	0	0	0	0	0	0	0	0	0	0
1022	1168	292	778	176	16216	20	0	0	510	3	3400	2	680	3	2040	4
1023	1169	778	747	109	16320	12	0	0	204	2	2805	1	416	3	3060	6
1024	1170	776	774	141	35599	24	102	1	1003	8	1700	1	935	7	2499	7
1025	1171	774	780	63	17816	11	0	0	544	4	0	0	408	4	1224	3
1026	1172	420	781	66	1428	2	204	2	127	1	0	0	29	1	102	2
1027	1173	781	782	51	1632	5	510	5	110	3	0	0	59	2	212	5
1028	1174	37	420	111	11220	10	306	3	314	3	1700	1	314	3	663	4
1029	1175	781	441	21	1836	3	204	2	80	2	0	0	80	2	102	2
1030	1176	441	279	88	7004	11	408	4	450	5	0	0	382	5	1224	6
1031	1177	783	278	99	20748	13	102	1	272	2	0	0	272	2	1071	3
1032	1178	172	783	201	12868	20	918	9	632	10	0	0	555	10	1683	15
1033	1179	421	307	83	11648	8	0	0	612	3	0	0	510	3	2040	4
1034	1180	783	421	125	37909	37	0	0	1479	8	0	0	1309	8	3495	13
1035	1181	784	785	106	8358	13	0	0	255	3	0	0	391	3	1071	3
1036	1182	786	787	76	3060	3	102	1	29	1	0	0	29	1	51	1
1037	1183	788	786	61	2040	2	0	0	102	1	0	0	170	1	510	1
1038	1184	787	272	95	20248	16	0	0	697	4	0	0	765	4	3570	7
1039	1185	789	788	32	0	0	0	0	0	0	0	0	0	0	0	0
1040	1186	790	789	69	0	0	0	0	0	0	0	0	0	0	0	0
1041	1187	434	791	65	0	0	0	0	0	0	0	0	0	0	0	0
1042	1188	785	792	62	0	0	0	0	0	0	0	0	0	0	0	0
1043	1189	792	791	108	0	0	0	0	0	0	0	0	0	0	0	0
1044	1190	791	793	18	0	0	0	0	0	0	0	0	0	0	0	0
1045	1191	793	789	39	0	0	0	0	0	0	0	0	0	0	0	0
1046	1192	792	434	12	0	0	0	0	0	0	0	0	0	0	0	0
1047	1193	793	794	81	13892	19	0	0	1190	5	0	0	765	4	3060	6
1048	1194	790	793	32	0	0	0	0	0	0	0	0	0	0	0	0
1049	1195	795	790	92	12240	6	0	0	527	3	0	0	272	2	2040	3
1050	1196	437	796	35	6120	3	0	0	0	0	0	0	0	0	0	0
1051	1197	797	12	40	3128	4	0	0	102	1	0	0	102	1	612	3
1052	1198	431	798	21	0	0	0	0	0	0	0	0	0	0	0	0
1053	1199	431	785	73	21730	7	0	0	510	2	0	0	340	2	1020	2
1054	1200	785	435	66	0	0	0	0	0	0	0	0	0	0	0	0
1055	1201	428	799	71	7432	8	0	0	272	2	0	0	272	2	408	2
1056	1202	68	428	196	27465	22	0	0	884	5	0	0	867	5	3264	7
1057	1203	799	429	118	31515	42	0	0	1970	14	1700	1	2040	9	3661	13
1058	1204	429	798	53	12240	7	0	0	357	2	0	0	340	2	1020	2
1059	1205	796	435	35	0	0	0	0	0	0	0	0	0	0	0	0
1060	1206	797	437	30	0	0	0	0	0	0	0	0	0	0	0	0
1061	1207	433	795	106	6120	3	0	0	170	1	0	0	170	1	510	1
1062	1208	800	801	77	3740	4	0	0	102	1	0	0	170	1	510	1
1063	1209	802	803	58	5100	11	0	0	204	2	3400	1	204	2	459	3
1064	1210	801	268	90	12920	8	102	1	365	5	3400	1	501	5	1275	4
1065	1211	798	433	60	8976	12	0	0	442	3	0	0	425	2	1530	3
1066	1212	802	795	7	0	0	0	0	0	0	0	0	0	0	0	0
1067	1213	803	800	54	6426	6	0	0	229	2	0	0	170	1	765	3
1068	1214	800	786	129	13328	11	204	2	476	4	0	0	476	4	1581	7
1069	1215	157	800	391	11028	62	1122	11	2264	25	0	0	1856	22	4539	35
1070	1216	801	787	130	13312	22	102	1	884	8	0	0	1326	9	3111	10
1071	1217	156	801	391	28180	67	714	7	1882	22	0	0	1758	20	3913	32
1072	1218	788	804	81	0	0	0	0	0	0	0	0	0	0	0	0
1073	1219	803	788	127	6018	8	102	1	284	4	0	0	352	4	663	7
1074	1220	796	425	114	15664	24	0	0	1394	7	0	0	1122	6	3264	7
1075	1221	426	794	59	0	0	0	0	0	0	0	0	0	0	0	0
1076	1222	426	804	13	0	0	0	0	0	0	0	0	0	0	0	0
1077	1223	425	794	6	0	0	0	0	0	0	0	0	0	0	0	0
1078	1224	804	805	83	10608	7	0	0	255	1	0	0	255	1	1020	2
1079	1226	805	273	136	20668	24	0	0	1819	7	0	0	1870	8	4080	8
1080	1227	423	806	32	0	0	0	0	0	0	0	0	0	0	0	0
1081	1228	806	805	63	12240	6	0	0	697	4	0	0	850	5	2040	4
1082	1229	423	300	139	14368	6	0	0	170	1	0	0	102	1	510	1
1083	1230	797	375	115	6800	7	0	0	374	3	3570	2	374	3	1326	5
1084	1231	376	375	44	0	0	0	0	0	0	0	0	0	0	0	0
1085	1232	376	806	99	0	0	0	0	0	0	0	0	0	0	0	0
1086	1233	807	802	122	17252	26	102	1	1049	11	0	0	1423	10	3927	11
1087	1234	149	807	269	34081	40	306	3	2363	15	0	0	1744	15	4366	20
1088	1235	150	808	219	21908	22	102	1	862	7	0	0	794	5	3264	10
1089	1236	808	807	98	0	0	0	0	0	0	0	0	0	0	0	0
1090	1237	799	427	131	15492	7	0	0	102	1	0	0	170	1	2550	5
1091	1238	427	808	56	12328	6	0	0	102	1	0	0	170	1	2550	5
1092	1239	424	809	34	6120	3	0	0	170	1	0	0	102	1	510	1
1093	1240	809	301	99	16860	20	0	0	510	2	0	0	255	1	1224	3
1094	1241	165	440	102	28897	19	0	0	765	6	0	0	867	5	2550	5
1095	1242	440	424	80	16728	13	0	0	816	6	1700	1	646	5	1938	8
1096	1243	442	588	90	0	0	0	0	0	0	0	0	0	0	0	0
1097	1244	274	442	78	17990	31	0	0	765	6	0	0	816	6	2856	8
1098	1245	809	274	97	21716	22	0	0	901	6	0	0	969	6	2958	7
1099	1246	444	443	106	15856	23	0	0	1122	6	0	0	663	5	3570	10
1100	1247	306	444	97	15932	12	0	0	561	4	1700	1	697	4	4080	8
1101	1248	455	171	177	9180	8	0	0	102	1	0	0	102	1	0	0
1102	1249	293	445	133	14792	10	0	0	374	3	0	0	374	3	1326	5
1103	1250	445	508	68	5100	3	0	0	102	1	6460	5	170	1	1020	2
1104	1251	508	453	59	0	0	0	0	0	0	0	0	0	0	0	0
1105	1252	453	455	62	0	0	0	0	0	0	0	0	0	0	0	0
1106	1253	810	811	163	6120	3	0	0	170	1	0	0	170	1	510	1
1107	1254	287	456	124	39366	20	0	0	646	5	0	0	935	5	3060	6
1108	1255	811	69	39	14280	8	0	0	476	4	0	0	765	4	2040	4
1109	1256	70	303	14	0	0	0	0	0	0	0	0	0	0	0	0
1110	1257	456	69	112	9452	10	0	0	374	3	0	0	340	2	1632	5
1111	-1	636	637	1	0	0	0	0	0	0	0	0	0	0	0	0
1112	-2	641	642	1	0	0	0	0	0	0	0	0	0	0	0	0
1113	-3	687	688	1	0	0	0	0	0	0	0	0	0	0	0	0
1114	-4	13	296	211	0	0	0	0	0	0	0	0	0	0	0	0
1115	-5	8	9	18	0	0	0	0	0	0	0	0	0	0	0	0
1116	-6	116	265	163	0	0	0	0	0	0	0	0	0	0	0	0
1117	-8	178	177	93	0	0	0	0	0	0	0	0	0	0	0	0
1118	-9	231	7	69	0	0	0	0	0	0	0	0	0	0	0	0
1119	-10	433	434	107	0	0	0	0	0	0	0	0	0	0	0	0
1120	-14	305	509	336	0	0	0	0	0	0	0	0	0	0	0	0
1121	-15	578	580	182	0	0	0	0	0	0	0	0	0	0	0	0
1122	-16	467	462	38	0	0	0	0	0	0	0	0	0	0	0	0
1123	-17	643	409	72	0	0	0	0	0	0	0	0	0	0	0	0
END					
-----------------------------------------					
InputUsedToGenerateTheGraph:					
County:	Frederiksberg				
CenterNodeId:	0				
Radius:	1000000				
HouseTypes:	Normal	Summer	Apartment		
NumberOfWasteFractions: 6					
IntervalsForWasteFraction:	general	2.3	3.5	7.0	
IntervalsForWasteFraction:	organic	28.0			
IntervalsForWasteFraction:	plastic	7.0	14.0	28.0	56.0
IntervalsForWasteFraction:	glass	7.0	14.0	21.0	28.0
IntervalsForWasteFraction:	metal	7.0	14.0	28.0	56.0
IntervalsForWasteFraction:	paper	7.0	14.0	56.0	
-----------------------------------------					


