ProblemType:	MC-CARP
NumberNodes:	930
NumberEdges:	1040
DepotNodeNumber:	88
NumberOfFractions:	3
NumberOfIntervalsForFraction	General_Organic	1	14
NumberOfIntervalsForFraction	Glass_Metal_Plastic	1	14
NumberOfIntervalsForFraction	Paper	1	14
GRAPH
EdgeNumber	EdgeId	StartNodeNumber	EndNodeNumber	Cost	Demand_0	Bins_0
	Demand_1	Bins_1
	Demand_2	Bins_2
START
0	29	0	1	109	367	3	135	3	306	3
1	30	1	2	62	148	2	39	2	161	2
2	33	3	4	94	221	2	77	2	102	1
3	35	5	6	277	0	0	0	0	0	0
4	36	5	7	113	0	0	0	0	0	0
5	138	8	9	22	1290	17	521	17	510	2
6	141	10	11	241	163	1	41	1	102	1
7	142	11	12	18	0	0	0	0	0	0
8	143	13	14	119	0	0	0	0	0	0
9	146	15	16	65	561	7	230	7	518	4
10	147	17	18	27	270	1	70	1	102	1
11	148	18	19	10	0	0	0	0	0	0
12	149	20	21	10	76	1	18	1	0	0
13	154	22	23	39	2173	4	581	4	612	3
14	155	24	25	10	139	2	48	2	0	0
15	156	25	26	37	74	1	20	1	765	3
16	164	16	27	30	137	2	50	2	0	0
17	165	27	28	17	148	2	39	2	0	0
18	166	29	30	98	1447	7	440	7	467	5
19	167	30	31	19	0	0	0	0	0	0
20	168	32	33	12	0	0	0	0	0	0
21	169	33	34	33	161	1	43	1	102	1
22	172	35	36	131	1337	7	414	7	629	7
23	173	36	37	9	0	0	0	0	0	0
24	174	37	38	16	152	1	52	1	102	1
25	175	38	39	77	2248	12	931	12	1181	12
26	182	41	42	233	0	0	0	0	0	0
27	183	43	44	87	0	0	0	0	0	0
28	184	44	45	950	976	11	394	11	918	9
29	200	46	47	143	1386	10	501	10	850	10
30	302	24	48	64	2219	3	841	3	102	1
31	303	49	50	6	0	0	0	0	0	0
32	304	50	51	9	137	2	50	2	0	0
33	305	9	52	48	278	4	97	4	510	2
34	306	52	19	24	269	4	105	4	0	0
35	307	53	54	7	0	0	0	0	0	0
36	308	54	55	32	150	2	37	2	0	0
37	309	55	56	6	0	0	0	0	0	0
38	310	56	20	34	365	5	103	5	0	0
39	311	57	58	226	0	0	0	0	0	0
40	312	58	59	172	443	2	169	2	612	2
41	334	61	62	62	0	0	0	0	0	0
42	335	62	63	239	163	1	41	1	102	1
43	336	64	65	624	0	0	0	0	0	0
44	338	48	66	17	489	1	191	1	255	1
45	339	66	22	54	1381	4	532	4	612	3
46	343	67	68	83	0	0	0	0	0	0
47	431	69	70	291	297	2	111	2	204	2
48	474	73	74	186	0	0	0	0	0	0
49	475	75	76	17	0	0	0	0	0	0
50	486	73	77	91	71	1	23	1	0	0
51	487	78	79	4	0	0	0	0	0	0
52	488	79	73	233	71	1	23	1	102	1
53	489	76	80	88	160	1	44	1	102	1
54	490	76	81	101	0	0	0	0	0	0
55	491	81	82	170	148	1	56	1	102	1
56	493	83	84	74	149	1	55	1	102	1
57	494	85	86	91	72	1	22	1	102	1
58	495	85	87	255	162	1	42	1	102	1
59	496	88	89	385	145	2	42	2	204	2
60	497	90	91	97	294	1	114	1	102	1
61	498	92	93	86	152	1	52	1	102	1
62	500	94	95	95	70	1	24	1	102	1
63	502	41	96	83	159	1	45	1	102	1
64	518	97	98	183	253	2	70	2	204	2
65	527	40	99	94	159	1	45	1	102	1
66	541	100	101	182	0	0	0	0	0	0
67	688	102	103	131	139	1	49	1	102	1
68	737	104	105	52	159	1	45	1	102	1
69	772	106	107	29	0	0	0	0	0	0
70	773	108	109	4	0	0	0	0	0	0
71	774	109	110	80	380	3	122	3	263	3
72	775	111	112	76	96	1	23	1	102	1
73	776	112	113	68	324	3	93	3	306	3
74	777	114	115	75	225	2	73	2	161	2
75	778	116	117	3	440	3	122	3	765	3
76	779	117	118	32	274	2	100	2	0	0
77	780	118	119	108	443	4	178	4	408	4
78	794	120	121	134	383	3	103	3	204	2
79	820	3	122	125	151	1	53	1	102	1
80	821	122	102	116	0	0	0	0	0	0
81	845	123	83	708	0	0	0	0	0	0
82	846	83	124	166	0	0	0	0	0	0
83	849	125	126	85	0	0	0	0	0	0
84	851	81	127	77	73	1	21	1	102	1
85	852	126	128	116	0	0	0	0	0	0
86	853	129	130	48	215	2	67	2	102	1
87	854	130	131	318	0	0	0	0	0	0
88	872	132	94	80	0	0	0	0	0	0
89	873	94	41	32	0	0	0	0	0	0
90	953	133	134	30	297	1	111	1	102	1
91	954	135	136	716	0	0	0	0	102	1
92	955	130	137	38	295	1	113	1	102	1
93	957	138	139	12	74	1	20	1	0	0
94	973	72	140	153	911	3	313	3	255	1
95	974	141	142	33	147	1	57	1	102	1
96	1008	143	144	122	315	1	93	1	102	1
97	1009	145	146	38	164	1	40	1	102	1
98	1010	126	147	42	74	1	20	1	102	1
99	1011	128	148	107	302	1	106	1	102	1
100	1012	149	150	63	158	1	46	1	102	1
101	1013	44	151	137	76	1	18	1	102	1
102	1047	152	145	54	225	2	73	2	161	2
103	1075	153	154	256	1369	13	535	13	1241	13
104	1076	155	106	33	146	2	41	2	161	2
105	1106	156	157	34	146	1	42	1	102	1
106	1107	157	158	120	248	3	58	3	306	3
107	1120	159	10	149	155	1	49	1	102	1
108	1254	160	161	19	152	1	52	1	102	1
109	1266	162	163	85	72	1	22	1	59	1
110	1267	163	164	35	0	0	0	0	0	0
111	1272	165	166	79	0	0	0	0	0	0
112	1500	167	168	511	0	0	0	0	0	0
113	1559	169	170	81	75	1	19	1	102	1
114	1560	170	171	130	251	2	72	2	119	2
115	1564	172	173	78	227	2	71	2	204	2
116	1565	173	63	113	0	0	0	0	0	0
117	1569	164	174	1362	0	0	0	0	0	0
118	1575	175	176	104	316	2	110	2	102	1
119	1578	177	178	1617	0	0	0	0	0	0
120	1585	179	180	185	0	0	0	0	0	0
121	1586	180	161	53	0	0	0	0	0	0
122	1591	181	182	641	0	0	0	0	0	0
123	1605	167	183	137	146	2	41	2	204	2
124	1607	184	185	320	0	0	0	0	0	0
125	1608	184	186	198	72	1	22	1	59	1
126	1646	187	188	590	156	1	48	1	102	1
127	1647	188	189	207	0	0	0	0	0	0
128	1648	188	190	463	183	1	55	1	0	0
129	1649	191	192	65	220	2	78	2	204	2
130	1650	191	193	70	335	2	107	2	161	2
131	1651	194	195	36	0	0	0	0	0	0
132	1652	194	196	114	148	1	56	1	102	1
133	1667	197	182	577	0	0	0	0	0	0
134	1668	182	165	201	0	0	0	0	0	0
135	1732	198	199	431	639	6	254	6	569	6
136	1744	200	201	179	0	0	0	0	0	0
137	1769	202	203	51	291	4	83	4	408	4
138	1780	204	205	64	322	1	86	1	102	1
139	1781	205	104	61	729	6	240	6	484	6
140	1790	206	5	51	0	0	0	0	0	0
141	1791	207	206	73	0	0	0	0	0	0
142	1796	208	172	103	90	1	29	1	102	1
143	1868	209	60	302	0	0	0	0	0	0
144	1869	210	211	37	158	1	46	1	102	1
145	1870	211	212	76	393	4	143	4	323	4
146	1871	211	213	32	305	4	95	4	238	4
147	1886	214	215	132	0	0	0	0	102	1
148	1887	74	216	85	0	0	0	0	0	0
149	1888	74	217	169	299	2	109	2	119	2
150	1889	61	218	655	555	3	151	3	306	3
151	1891	219	220	20	0	0	0	0	0	0
152	1892	219	221	11	0	0	0	0	0	0
153	1893	219	222	111	163	1	41	1	102	1
154	1909	223	224	138	148	1	40	1	0	0
155	1910	225	226	44	335	2	107	2	204	2
156	1960	227	175	130	1041	10	320	10	833	9
157	1961	175	228	93	227	3	79	3	306	3
158	1964	207	229	105	737	4	232	4	323	4
159	1965	206	230	111	417	4	144	4	238	4
160	2042	231	101	366	0	0	0	0	0	0
161	2043	101	232	276	0	0	0	0	0	0
162	2044	233	132	366	232	2	66	2	161	2
163	2045	198	143	31	0	0	0	0	0	0
164	2046	143	184	736	425	3	171	3	306	3
165	2047	234	138	13	0	0	0	0	0	0
166	2048	138	235	63	0	0	0	0	0	0
167	2052	235	191	16	0	0	0	0	0	0
168	2076	236	92	122	161	2	52	2	102	1
169	2077	92	237	65	351	4	134	4	306	3
170	2078	238	239	53	72	1	22	1	102	1
171	2079	240	90	242	1671	12	497	12	1054	12
172	2080	90	241	34	0	0	0	0	0	0
173	2081	235	242	43	141	1	47	1	102	1
174	2082	43	149	84	0	0	0	0	0	0
175	2083	149	243	50	0	0	0	0	0	0
176	2102	244	245	80	77	1	17	1	59	1
177	2109	246	247	49	457	4	164	4	306	3
178	2112	248	249	56	515	3	175	3	204	2
179	2122	250	251	49	0	0	0	0	0	0
180	2127	43	252	59	233	2	65	2	204	2
181	2165	253	254	33	164	1	40	1	255	1
182	2166	255	256	288	149	1	55	1	102	1
183	2186	257	258	193	154	1	50	1	102	1
184	2191	259	167	101	159	1	45	1	102	1
185	2199	141	256	196	0	0	0	0	0	0
186	2200	256	64	11	0	0	0	0	0	0
187	2217	260	261	41	164	1	40	1	102	1
188	2218	262	263	51	305	2	87	2	204	2
189	2220	164	264	1375	0	0	0	0	0	0
190	2223	265	266	123	76	1	18	1	59	1
191	2229	267	268	11	221	2	77	2	161	2
192	2237	1	269	272	75	1	19	1	59	1
193	2349	270	165	98	89	1	30	1	102	1
194	2359	271	272	186	0	0	0	0	0	0
195	2360	273	85	308	0	0	0	0	0	0
196	2361	88	274	93	0	0	0	0	0	0
197	2362	97	275	155	155	1	49	1	102	1
198	2363	276	277	50	517	2	197	2	161	2
199	2413	278	279	19	204	2	78	2	204	2
200	2414	241	280	58	426	4	169	4	365	4
201	2415	281	282	29	146	2	41	2	161	2
202	2416	281	283	117	951	8	342	8	646	8
203	2417	241	284	68	682	4	253	4	365	4
204	2418	285	179	372	150	1	54	1	102	1
205	2419	180	277	38	0	0	0	0	0	0
206	2420	277	286	44	0	0	0	0	0	0
207	2421	287	288	726	1108	11	363	11	1037	11
208	2422	288	286	264	1171	9	453	9	773	8
209	2423	286	160	26	220	2	78	2	204	2
210	2424	289	290	76	317	2	91	2	204	2
211	2425	287	291	76	0	0	0	0	0	0
212	2436	292	293	435	0	0	0	0	0	0
213	2438	292	294	959	223	3	83	3	221	3
214	2439	295	296	266	549	4	191	4	408	4
215	2440	297	293	676	0	0	0	0	0	0
216	2441	298	296	91	162	1	42	1	0	0
217	2443	299	300	47	640	5	185	5	425	5
218	2444	301	302	52	671	5	273	5	510	5
219	2445	303	304	33	361	4	108	4	365	4
220	2446	303	305	72	548	4	158	4	408	4
221	2447	301	306	71	465	4	130	4	408	4
222	2448	307	299	20	162	1	42	1	102	1
223	2449	308	309	112	76	1	18	1	102	1
224	2450	309	310	477	0	0	0	0	0	0
225	2451	307	306	70	0	0	0	0	0	0
226	2452	309	294	454	76	1	18	1	102	1
227	2453	45	310	73	0	0	0	0	0	0
228	2480	311	273	695	0	0	0	0	0	0
229	2482	273	308	27	76	1	18	1	102	1
230	2483	312	288	996	0	0	0	0	0	0
231	2484	312	313	463	73	1	21	1	102	1
232	2485	285	314	425	161	1	43	1	59	1
233	2486	315	316	149	0	0	0	0	0	0
234	2487	317	318	545	0	0	0	0	0	0
235	2488	318	319	193	0	0	0	0	0	0
236	2489	319	316	60	0	0	0	0	0	0
237	2490	316	320	169	0	0	0	0	0	0
238	2491	319	258	833	0	0	0	0	0	0
239	2492	315	318	224	180	1	58	1	59	1
240	2496	317	321	778	240	3	66	3	204	2
241	2812	322	323	35	72	1	22	1	102	1
242	2813	324	325	36	707	7	204	7	671	7
243	2814	325	326	39	1168	7	311	7	527	6
244	2817	327	328	35	299	3	92	3	306	3
245	2818	329	330	55	713	6	290	6	612	6
246	2819	331	332	54	921	5	303	5	425	5
247	2820	333	334	130	1773	11	523	11	1122	11
248	2821	335	336	117	1719	10	662	10	977	10
249	2822	337	338	116	836	7	261	7	586	7
250	2823	339	340	98	160	1	44	1	102	1
251	2824	195	231	517	0	0	0	0	0	0
252	2825	232	341	94	0	0	0	0	0	0
253	2826	341	265	399	0	0	0	0	0	0
254	2828	342	343	73	857	6	291	6	612	6
255	2829	339	120	51	0	0	0	0	0	0
256	2830	344	345	93	0	0	0	0	0	0
257	2831	345	346	85	235	2	63	2	0	0
258	2862	347	348	418	0	0	0	0	0	0
259	2863	70	349	140	841	7	290	7	671	7
260	2866	69	3	98	0	0	0	0	0	0
261	2867	350	69	454	297	2	111	2	204	2
262	2901	351	352	99	293	1	115	1	102	1
263	2902	353	351	84	294	1	114	1	102	1
264	2903	354	169	419	0	0	0	0	0	0
265	2904	169	355	51	0	0	0	0	0	0
266	2966	323	200	232	183	1	55	1	102	1
267	2967	356	357	120	1001	6	300	6	663	5
268	2968	358	359	102	595	2	204	2	357	2
269	2972	360	322	53	0	0	0	0	0	0
270	2973	357	359	114	145	1	43	1	59	1
271	2978	361	362	36	0	0	0	0	0	0
272	2979	363	364	117	408	3	119	3	306	3
273	2980	365	366	115	468	4	153	4	408	4
274	2981	367	368	123	1225	10	408	10	892	10
275	2982	369	370	103	240	2	83	2	161	2
276	2983	371	372	40	357	3	145	3	263	3
277	2984	373	374	59	599	3	217	3	306	3
278	2985	375	374	63	788	6	241	6	527	6
279	2986	376	377	161	3892	5	1208	5	306	3
280	2987	378	379	97	966	8	386	8	773	8
281	2988	340	380	303	0	0	0	0	0	0
282	2989	369	341	81	164	1	40	1	102	1
283	2990	381	382	65	298	4	76	4	263	3
284	2998	336	383	51	492	4	154	4	365	4
285	2999	384	385	92	647	5	246	5	408	4
286	3000	228	386	24	0	0	0	0	0	0
287	3001	384	195	37	0	0	0	0	0	0
288	3002	387	388	237	2039	15	673	15	1317	15
289	3003	389	390	170	1689	11	564	11	1181	12
290	3004	390	391	26	138	1	50	1	102	1
291	3005	391	202	112	929	7	262	7	569	6
292	3006	202	392	97	534	5	164	5	323	4
293	3007	393	68	64	633	5	244	5	510	5
294	3008	394	368	107	1514	11	587	11	1232	11
295	3009	368	395	61	746	5	257	5	408	4
296	3010	366	396	21	367	1	143	1	255	1
297	3011	358	356	87	1164	6	410	6	561	4
298	3012	360	397	8	0	0	0	0	0	0
299	3013	397	398	91	1080	5	400	5	467	5
300	3014	399	376	74	163	1	41	1	102	1
301	3015	376	238	85	886	5	304	5	323	4
302	3016	238	392	76	407	4	154	4	408	4
303	3017	392	388	68	368	3	134	3	263	3
304	3018	400	401	26	0	0	0	0	0	0
305	3019	391	402	86	238	3	68	3	306	3
306	3020	403	401	76	308	3	109	3	306	3
307	3021	401	381	16	0	0	0	0	0	0
308	3022	370	232	74	76	1	18	1	102	1
309	3023	404	405	28	177	1	61	1	102	1
310	3024	405	390	99	376	3	126	3	102	1
311	3025	405	337	213	745	6	224	6	510	5
312	3026	337	325	36	0	0	0	0	0	0
313	3027	325	406	109	417	3	128	3	221	3
314	3028	406	407	72	211	3	70	3	306	3
315	3029	407	408	170	1615	2	425	2	255	1
316	3030	408	409	11	0	0	0	0	0	0
317	3031	409	410	124	3821	5	1279	5	0	0
318	3032	410	227	158	733	7	304	7	629	7
319	3033	227	393	217	880	9	303	9	773	8
320	3034	404	340	263	785	6	312	6	365	4
321	3039	346	411	125	0	0	0	0	0	0
322	3040	412	344	26	151	1	53	1	102	1
323	3041	344	380	67	0	0	0	0	0	0
324	3043	265	413	313	0	0	0	0	0	0
325	3044	345	414	64	89	1	30	1	510	2
326	3046	413	415	91	0	0	0	0	0	0
327	3047	415	416	115	0	0	0	0	0	0
328	3048	416	417	80	0	0	0	0	0	0
329	3049	417	418	433	145	2	42	2	102	1
330	3050	419	420	732	229	2	69	2	204	2
331	3051	415	421	223	0	0	0	0	0	0
332	3052	417	422	228	0	0	0	0	0	0
333	3053	419	423	307	72	1	22	1	59	1
334	3070	424	425	142	0	0	0	0	0	0
335	3275	426	427	23	204	2	78	2	102	1
336	3276	428	429	23	221	2	77	2	161	2
337	3277	430	431	30	72	1	22	1	102	1
338	3278	402	432	25	464	2	132	2	204	2
339	3279	433	434	21	2292	3	768	3	510	2
340	3281	435	436	19	309	1	99	1	102	1
341	3282	437	438	25	428	3	134	3	0	0
342	3290	339	439	86	321	4	79	4	323	4
343	3291	439	440	55	396	2	106	2	204	2
344	3311	441	442	131	135	2	52	2	204	2
345	3312	443	395	34	325	1	83	1	0	0
346	3313	444	445	61	0	0	0	0	0	0
347	3389	446	447	154	700	5	218	5	510	5
348	3390	447	448	10	0	0	0	0	0	0
349	3446	449	166	105	0	0	0	0	0	0
350	3447	166	450	593	393	4	117	4	365	4
351	3452	451	452	13	0	0	0	0	0	0
352	3453	442	453	512	0	0	0	0	0	0
353	3454	454	453	342	0	0	0	0	0	0
354	3455	448	455	533	97	1	22	1	59	1
355	3456	455	456	97	71	1	23	1	59	1
356	3457	457	458	50	280	3	111	3	204	2
357	3458	459	460	20	0	0	0	0	0	0
358	3459	461	462	152	0	0	0	0	0	0
359	3461	462	463	285	1085	7	309	7	671	7
360	3462	464	289	23	154	1	50	1	59	1
361	3475	232	465	643	446	3	166	3	306	3
362	3476	422	424	238	151	1	53	1	102	1
363	3477	422	421	230	0	0	0	0	0	0
364	3495	411	466	37	90	1	29	1	0	0
365	3497	467	468	103	238	2	60	2	204	2
366	3498	428	430	43	0	0	0	0	0	0
367	3499	430	6	155	169	2	44	2	161	2
368	3500	402	403	59	455	3	157	3	263	3
369	3501	469	470	33	484	3	128	3	306	3
370	3502	470	228	70	814	5	291	5	408	4
371	3503	444	364	7	0	0	0	0	0	0
372	3504	364	445	14	0	0	0	0	0	0
373	3505	445	358	14	162	1	42	1	102	1
374	3506	395	366	34	997	4	389	4	714	4
375	3507	396	444	25	471	2	133	2	102	1
376	3508	356	471	3	0	0	0	0	0	0
377	3509	471	472	32	409	4	111	4	221	3
378	3510	472	360	32	480	2	166	2	102	1
379	3511	398	435	31	0	0	0	0	0	0
380	3512	435	437	45	650	2	234	2	357	2
381	3513	68	426	3	0	0	0	0	0	0
382	3514	426	394	80	685	6	226	6	408	4
383	3515	473	474	80	1311	7	483	7	680	6
384	3517	475	362	75	1040	5	354	5	255	1
385	3522	476	477	305	0	0	0	0	0	0
386	3523	477	454	250	149	2	38	2	161	2
387	3524	477	478	112	71	1	23	1	102	1
388	3527	479	258	336	222	2	60	2	102	1
389	3529	291	480	153	0	0	0	0	0	0
390	3530	480	481	84	161	1	43	1	102	1
391	3531	451	482	608	218	3	63	3	306	3
392	3532	482	461	498	72	1	22	1	0	0
393	3533	482	483	217	312	1	96	1	102	1
394	3534	185	311	111	0	0	0	0	0	0
395	3536	311	484	222	75	1	19	1	102	1
396	3553	321	485	249	151	1	53	1	204	2
397	3554	485	486	205	261	1	79	1	102	1
398	3555	485	487	138	73	1	21	1	59	1
399	3609	488	250	51	168	2	45	2	102	1
400	3610	251	489	53	442	2	170	2	204	2
401	3611	490	491	100	76	1	18	1	102	1
402	3612	491	492	88	71	1	23	1	59	1
403	3613	154	493	117	612	6	196	6	527	6
404	3614	493	494	138	1342	10	435	10	918	9
405	3615	495	496	131	1152	10	361	10	850	10
406	3616	497	498	80	833	4	265	4	365	4
407	3617	498	499	79	371	3	131	3	306	3
408	3618	499	500	85	540	4	150	4	408	4
409	3619	500	501	96	382	3	120	3	263	3
410	3621	502	503	135	1023	9	312	9	875	9
411	3622	504	497	51	163	1	41	1	102	1
412	3623	497	505	108	356	4	129	4	408	4
413	3625	291	456	495	0	0	0	0	0	0
414	3626	307	506	580	223	2	75	2	204	2
415	3628	450	507	780	162	1	42	1	59	1
416	3629	465	425	681	96	1	23	1	102	1
417	3630	413	421	272	462	2	150	2	204	2
418	3647	297	292	453	158	1	46	1	102	1
419	3648	289	278	210	1222	8	453	8	688	8
420	3656	508	509	405	293	2	115	2	204	2
421	3657	243	42	282	336	4	133	4	263	3
422	3704	510	511	52	0	0	0	0	0	0
423	3705	512	513	1228	77	1	17	1	102	1
424	3706	510	513	124	141	2	46	2	161	2
425	3719	423	425	583	0	0	0	0	0	0
426	3733	514	515	9	0	0	0	0	0	0
427	3734	516	517	246	0	0	0	0	0	0
428	3761	518	253	339	0	0	0	0	0	0
429	3772	197	450	439	0	0	0	0	0	0
430	3786	520	521	1765	0	0	0	0	0	0
431	3787	442	459	842	0	0	0	0	0	0
432	3792	522	523	34	0	0	0	0	0	0
433	3793	523	524	371	291	1	117	1	102	1
434	3794	524	525	226	0	0	0	0	0	0
435	3795	162	526	652	0	0	0	0	0	0
436	3796	525	527	40	157	1	47	1	59	1
437	3797	527	244	17	0	0	0	0	0	0
438	3798	244	528	49	312	2	96	2	161	2
439	3799	528	153	9	0	0	0	0	0	0
440	3800	153	529	40	161	1	43	1	102	1
441	3801	530	531	133	319	3	123	3	59	1
442	3802	531	532	154	150	1	54	1	102	1
443	3803	532	533	82	97	1	22	1	102	1
444	3804	131	210	141	0	0	0	0	0	0
445	3805	534	49	35	146	2	41	2	0	0
446	3806	534	535	41	149	1	55	1	102	1
447	3807	535	155	68	301	2	91	2	161	2
448	3808	107	536	38	140	1	48	1	102	1
449	3809	536	537	32	92	1	27	1	102	1
450	3810	537	538	102	584	7	173	7	569	6
451	3811	212	539	65	407	2	120	2	161	2
452	3813	225	490	161	218	2	80	2	204	2
453	3814	501	540	21	286	2	88	2	102	1
454	3815	541	542	76	677	4	233	4	365	4
455	3816	542	493	90	507	3	199	3	221	3
456	3817	493	495	94	475	5	129	5	510	5
457	3818	495	492	93	506	7	174	7	459	7
458	3819	492	499	117	389	4	147	4	323	4
459	3820	499	488	118	550	4	165	4	408	4
460	3821	543	544	55	215	2	83	2	204	2
461	3822	545	115	61	650	3	166	3	306	3
462	3828	546	498	49	307	1	101	1	59	1
463	3829	498	547	111	478	4	143	4	365	4
464	3830	548	549	111	1332	11	419	11	833	9
465	3831	500	491	141	986	7	315	7	629	7
466	3832	491	154	191	2127	11	790	11	1300	11
467	3833	550	496	27	444	3	168	3	263	3
468	3834	107	551	43	76	1	18	1	102	1
469	3835	551	552	21	439	3	157	3	306	3
470	3836	551	553	103	963	6	270	6	569	6
471	3837	536	554	67	906	5	285	5	510	5
472	3838	555	535	38	505	4	201	4	408	4
473	3839	556	155	39	205	3	76	3	306	3
474	3840	557	546	22	161	1	43	1	102	1
475	3841	212	558	27	161	1	43	1	102	1
476	3842	558	559	63	156	2	57	2	204	2
477	3843	559	560	106	768	5	219	5	510	5
478	3844	561	558	41	512	4	178	4	408	4
479	3845	562	563	54	374	3	112	3	306	3
480	3846	542	562	78	291	3	110	3	306	3
481	3847	562	564	63	857	6	248	6	612	6
482	3848	565	494	24	140	2	47	2	204	2
483	3849	541	566	33	374	3	153	3	306	3
484	3850	567	568	47	259	2	64	2	204	2
485	3860	247	569	47	151	1	53	1	102	1
486	3861	569	570	57	329	3	88	3	306	3
487	3862	569	571	37	1113	4	434	4	357	2
488	3863	31	572	103	833	7	264	7	612	6
489	3864	573	574	39	164	1	40	1	102	1
490	3865	574	575	92	1068	9	360	9	790	9
491	3866	108	576	36	471	3	175	3	306	3
492	3867	577	129	23	148	1	56	1	102	1
493	3868	129	108	26	0	0	0	0	0	0
494	3875	579	65	101	0	0	0	0	0	0
495	3946	580	581	653	0	0	0	0	0	0
496	3947	582	583	39	74	1	20	1	102	1
497	3948	583	584	538	689	3	221	3	306	3
498	3954	72	585	174	2407	4	857	4	102	1
499	3956	529	530	816	0	0	0	0	0	0
500	3957	586	587	71	447	2	165	2	204	2
501	3958	588	156	44	159	1	45	1	59	1
502	3960	60	589	72	0	0	0	0	0	0
503	3961	590	115	73	225	2	57	2	161	2
504	3967	591	539	70	706	5	263	5	510	5
505	3968	592	549	96	0	0	0	0	0	0
506	3969	549	488	84	0	0	0	0	0	0
507	3970	500	549	111	535	3	155	3	306	3
508	3971	593	594	23	233	2	65	2	204	2
509	3972	247	594	44	651	4	259	4	408	4
510	3973	594	595	166	589	6	228	6	612	6
511	3976	596	597	37	282	2	75	2	161	2
512	3977	598	596	71	563	4	202	4	263	3
513	3978	599	600	51	391	3	136	3	263	3
514	3979	601	602	63	299	2	93	2	204	2
515	3980	560	603	37	142	2	45	2	161	2
516	3981	249	588	31	484	2	145	2	255	1
517	3982	604	557	10	74	1	20	1	102	1
518	3983	540	592	92	1719	8	602	8	671	7
519	3984	55	534	34	220	3	61	3	0	0
520	3985	210	603	66	0	0	0	0	0	0
521	3986	525	601	110	437	3	175	3	263	3
522	3987	601	225	165	309	2	83	2	204	2
523	3990	71	522	640	0	0	0	0	0	0
524	3991	605	606	89	0	0	0	0	0	0
525	4002	607	609	556	0	0	0	0	0	0
526	4004	216	610	119	0	0	0	0	0	0
527	4006	600	611	12	317	2	91	2	204	2
528	4007	123	75	1085	0	0	0	0	0	0
529	4008	216	612	944	0	0	0	0	0	0
530	4009	613	209	181	77	1	17	1	0	0
531	4011	614	615	30	141	1	47	1	510	2
532	4012	616	617	136	0	0	0	0	0	0
533	4013	618	619	48	163	1	41	1	102	1
534	4015	131	620	125	1294	5	406	5	1020	4
535	4016	488	621	83	0	0	0	0	0	0
536	4019	606	622	51	346	3	96	3	263	3
537	4020	622	623	50	164	1	40	1	102	1
538	4023	612	123	358	0	0	0	0	0	0
539	4024	612	624	693	0	0	0	0	0	0
540	4032	263	625	94	168	2	45	2	204	2
541	4034	580	626	53	169	2	44	2	204	2
542	4035	528	627	53	0	0	0	0	0	0
543	4036	627	628	18	95	1	24	1	59	1
544	4037	627	629	18	89	1	30	1	102	1
545	4038	59	525	107	156	1	48	1	102	1
546	4039	59	630	53	160	1	44	1	102	1
547	4040	631	532	46	310	1	98	1	0	0
548	4043	547	621	3	0	0	0	0	0	0
549	4044	632	617	7	0	0	0	0	0	0
550	4045	617	633	17	0	0	0	0	0	0
551	4046	632	616	14	0	0	0	0	0	0
552	4047	616	24	16	140	2	47	2	255	1
553	4048	26	540	43	0	0	0	0	0	0
554	4049	26	614	16	0	0	0	0	0	0
555	4050	588	586	19	0	0	0	0	0	0
556	4051	634	572	42	440	2	156	2	102	1
557	4052	635	32	30	0	0	0	0	0	0
558	4053	618	490	51	0	0	0	0	0	0
559	4054	618	53	60	0	0	0	0	0	0
560	4055	596	606	95	308	2	100	2	204	2
561	4056	636	209	349	732	1	288	1	0	0
562	4059	637	115	54	322	2	86	2	204	2
563	4060	638	613	131	251	2	72	2	204	2
564	4061	610	124	27	0	0	0	0	0	0
565	4062	639	124	131	0	0	0	0	0	0
566	4072	214	75	163	74	1	20	1	59	1
567	4073	640	641	78	75	1	19	1	102	1
568	4074	641	642	4	0	0	0	0	0	0
569	4075	643	644	85	631	6	177	6	612	6
570	4077	571	645	29	565	8	209	8	544	7
571	4078	578	646	27	0	0	0	0	0	0
572	4079	647	638	286	1728	17	644	17	1691	17
573	4080	648	649	165	379	3	123	3	306	3
574	4081	622	650	74	1366	7	454	7	714	7
575	4082	651	119	105	1036	5	282	5	722	6
576	4091	646	652	94	835	6	229	6	408	4
577	4094	653	654	44	2205	3	855	3	204	2
578	4095	490	501	166	1983	18	594	18	1649	17
579	4096	592	29	110	2036	14	710	14	918	9
580	4097	655	656	154	2175	15	894	15	1122	11
581	4098	657	656	238	253	2	70	2	102	1
582	4099	658	659	54	0	0	0	0	0	0
583	4100	533	657	28	0	0	0	0	0	0
584	4101	533	660	22	0	0	0	0	0	0
585	4103	657	659	27	0	0	0	0	0	0
586	4104	659	660	24	0	0	0	0	0	0
587	4107	661	662	88	737	5	276	5	467	5
588	4108	662	663	61	805	6	293	6	569	6
589	4114	664	665	115	694	5	224	5	467	5
590	4115	492	666	80	231	2	67	2	204	2
591	4116	666	567	104	449	4	146	4	323	4
592	4119	633	667	42	71	1	23	1	102	1
593	4170	12	512	258	77	1	17	1	102	1
594	4185	463	284	11	0	0	0	0	0	0
595	4186	284	290	15	0	0	0	0	0	0
596	4187	290	237	9	0	0	0	0	0	0
597	4188	237	463	17	0	0	0	0	0	0
598	4203	668	669	535	299	2	109	2	59	1
599	4204	669	579	148	436	2	176	2	314	2
600	4210	670	671	84	0	0	0	0	0	0
601	4211	670	227	448	2608	8	716	8	824	7
602	4212	409	672	88	1481	2	559	2	0	0
603	4213	672	673	87	401	2	126	2	204	2
604	4251	671	674	192	0	0	0	0	0	0
605	4259	57	675	91	297	2	95	2	161	2
606	4260	675	676	85	75	1	19	1	102	1
607	4294	374	333	66	0	0	0	0	0	0
608	4301	573	677	47	218	2	80	2	204	2
609	4302	677	635	110	1742	10	460	10	977	10
610	4406	678	679	395	0	0	0	0	0	0
611	4407	680	679	210	72	1	22	1	102	1
612	4408	522	223	341	463	2	149	2	102	1
613	4410	681	682	68	319	1	89	1	102	1
614	4423	683	682	90	0	0	0	0	0	0
615	4424	682	684	17	0	0	0	0	0	0
616	4425	684	685	25	0	0	0	0	0	0
617	4426	684	681	23	0	0	0	0	0	0
618	4427	681	686	21	0	0	0	0	0	0
619	4452	683	464	201	888	9	285	9	731	8
620	4453	686	683	85	142	2	45	2	102	1
621	4454	160	685	73	217	2	81	2	161	2
622	4455	685	686	30	0	0	0	0	0	0
623	4456	687	526	228	0	0	0	0	0	0
624	4457	526	223	247	0	0	0	0	0	0
625	4480	677	688	91	1989	4	578	4	671	4
626	4496	689	690	98	1521	2	519	2	765	3
627	4507	503	689	55	0	0	0	0	0	0
628	4681	691	608	646	0	0	0	0	0	0
629	4682	691	519	888	0	0	0	0	0	0
630	4698	520	453	715	0	0	0	0	0	0
631	4906	692	693	316	0	0	0	0	0	0
632	4918	274	694	33	0	0	0	0	0	0
633	4919	695	446	98	293	3	82	3	306	3
634	4920	696	446	9	0	0	0	0	0	0
635	4921	446	458	87	93	1	26	1	102	1
636	4922	240	695	23	320	1	88	1	102	1
637	4923	697	696	54	89	1	30	1	59	1
638	4924	696	448	161	152	1	52	1	102	1
639	6464	698	406	38	675	6	227	6	569	6
640	6465	406	699	36	482	5	191	5	408	4
641	6468	700	701	59	741	6	237	6	569	6
642	6469	702	703	36	425	4	170	4	365	4
643	6470	704	2	243	2220	19	620	19	1895	19
644	6471	67	201	64	0	0	0	0	0	0
645	6472	201	705	105	734	7	262	7	586	7
646	6473	706	707	44	284	2	73	2	161	2
647	6474	674	706	58	293	2	115	2	204	2
648	6475	706	708	80	546	3	160	3	306	3
649	6476	709	710	130	1011	8	359	8	773	8
650	6479	410	711	85	420	3	116	3	306	3
651	6480	711	399	12	0	0	0	0	0	0
652	6481	712	713	101	883	8	273	8	731	8
653	6558	297	296	25	0	0	0	0	0	0
654	6559	293	185	137	72	1	22	1	102	1
655	6560	347	315	856	161	2	52	2	204	2
656	6561	348	69	142	0	0	0	0	0	0
657	6564	393	228	193	2013	8	801	8	765	6
658	6597	512	714	111	0	0	0	0	0	0
659	6598	714	428	54	0	0	0	0	0	0
660	6600	323	204	13	0	0	0	0	0	0
661	6603	711	267	45	0	0	0	0	0	0
662	6604	267	715	73	470	3	142	3	263	3
663	6612	388	716	61	671	6	231	6	612	6
664	6613	2	67	67	1650	4	577	4	884	5
665	6614	394	330	83	0	0	0	0	0	0
666	6615	330	328	7	0	0	0	0	0	0
667	6616	328	331	64	153	1	51	1	102	1
668	6617	331	372	6	0	0	0	0	0	0
669	6618	372	374	69	156	1	48	1	102	1
670	6621	717	709	74	338	2	104	2	204	2
671	6622	709	674	19	0	0	0	0	0	0
672	6624	703	712	60	0	0	0	0	0	0
673	6625	712	700	8	0	0	0	0	0	0
674	6626	700	718	50	0	0	0	0	0	0
675	6627	718	343	16	0	0	0	0	0	0
676	6628	343	378	59	0	0	0	0	0	0
677	6629	378	120	40	0	0	0	0	0	0
678	6631	7	187	522	243	2	80	2	161	2
679	6632	189	511	96	0	0	0	0	0	0
680	6633	511	298	92	378	2	124	2	102	1
681	6634	189	510	73	156	1	48	1	102	1
682	6635	719	714	52	71	1	23	1	0	0
683	6636	6	187	546	0	0	0	0	0	0
684	6638	720	231	495	452	5	126	5	510	5
685	6645	694	452	23	0	0	0	0	0	0
686	6646	452	476	478	71	1	23	1	0	0
687	6647	694	451	25	0	0	0	0	0	0
688	6650	197	693	757	0	0	0	0	0	0
689	6745	721	389	77	305	1	103	1	102	1
690	6778	333	336	65	0	0	0	0	0	0
691	6779	333	722	33	519	3	212	3	263	3
692	6780	392	723	89	1023	8	372	8	612	6
693	6781	723	469	36	419	3	117	3	306	3
694	6782	724	322	148	906	7	310	7	671	7
695	6783	724	725	18	0	0	0	0	0	0
696	6784	192	370	12	0	0	0	0	0	0
697	6785	192	100	95	148	2	39	2	161	2
698	6786	418	419	102	0	0	0	0	0	0
699	6787	468	518	574	163	1	41	1	0	0
700	6795	274	726	297	148	1	56	1	102	1
701	6796	349	727	73	466	4	129	4	323	4
702	6799	310	506	225	189	2	49	2	119	2
703	6802	719	728	70	75	1	19	1	102	1
704	6803	716	729	61	377	1	133	1	255	1
705	6817	716	400	51	208	2	74	2	161	2
706	6818	403	730	42	93	1	26	1	102	1
707	6819	730	369	281	464	3	132	3	306	3
708	6852	725	731	19	76	1	18	1	0	0
709	6861	455	732	244	309	2	99	2	102	1
710	6862	459	457	68	787	2	233	2	510	2
711	6869	386	733	102	786	1	234	1	0	0
712	6870	386	734	102	965	7	344	7	569	6
713	6871	734	387	71	618	7	224	7	586	7
714	6872	361	735	7	0	0	0	0	0	0
715	6873	735	397	209	1491	6	532	6	714	3
716	6987	418	433	305	0	0	0	0	0	0
717	7030	380	736	138	93	1	26	1	0	0
718	7031	736	416	392	219	2	79	2	204	2
719	7047	697	695	41	149	1	55	1	59	1
720	7048	737	181	1233	0	0	0	0	0	0
721	7049	737	449	320	0	0	0	0	0	0
722	7050	737	738	208	147	2	40	2	59	1
723	7051	480	739	197	0	0	0	0	0	0
724	7052	739	320	555	484	6	188	6	510	5
725	7053	739	740	448	148	1	56	1	102	1
726	7058	741	355	202	149	1	55	1	102	1
727	7059	742	741	209	160	1	44	1	102	1
728	7085	743	744	58	981	6	355	6	612	6
729	7086	745	746	90	491	3	155	3	263	3
730	7087	747	746	77	382	4	128	4	306	3
731	7088	748	749	60	482	4	173	4	365	4
732	7089	750	749	115	701	5	251	5	425	5
733	7090	749	751	67	967	6	284	6	612	6
734	7091	652	747	8	157	1	47	1	102	1
735	7092	747	750	88	147	1	57	1	102	1
736	7093	750	543	19	0	0	0	0	0	0
737	7094	543	752	21	144	1	44	1	102	1
738	7095	753	652	130	851	7	271	7	671	7
739	7096	595	754	76	300	3	91	3	306	3
740	7098	515	755	48	228	2	70	2	161	2
741	7099	755	756	85	399	3	128	3	306	3
742	7100	757	758	67	521	5	152	5	0	0
743	7104	708	759	13	366	2	136	2	204	2
744	7106	703	760	12	0	0	0	0	0	0
745	7107	760	761	91	1142	8	414	8	816	8
746	7110	440	404	76	386	4	108	4	408	4
747	7111	378	762	132	783	9	305	9	705	9
748	7112	762	718	130	602	7	163	7	527	6
749	7113	121	467	9	0	0	0	0	0	0
750	7114	387	763	72	555	4	176	4	306	3
751	7115	763	384	8	0	0	0	0	0	0
752	7116	764	765	60	0	0	0	0	0	0
753	7117	766	767	251	149	1	55	1	59	1
754	7118	766	726	13	0	0	0	0	0	0
755	7119	765	766	214	300	3	91	3	204	2
756	7120	765	768	177	90	1	29	1	102	1
757	7121	769	770	68	442	3	179	3	306	3
758	7122	770	514	92	807	7	214	7	586	7
759	7123	590	771	86	406	4	114	4	306	3
760	7124	664	772	67	651	4	259	4	408	4
761	7125	772	773	51	235	2	63	2	204	2
762	7126	773	640	52	293	2	99	2	204	2
763	7284	639	214	345	318	2	90	2	204	2
764	7285	774	158	356	0	0	0	0	0	0
765	7286	775	656	62	238	2	60	2	161	2
766	7287	776	208	421	0	0	0	0	0	0
767	7292	777	658	129	297	3	79	3	612	2
768	7293	778	754	93	860	5	254	5	510	5
769	7294	779	610	236	0	0	0	0	0	0
770	7295	780	781	287	0	0	0	0	0	0
771	7296	780	782	78	0	0	0	0	0	0
772	7297	782	783	234	146	1	42	1	0	0
773	7298	782	636	150	0	0	0	0	0	0
774	7299	636	78	270	566	3	165	3	263	3
775	7301	784	785	87	173	1	65	1	0	0
776	7317	786	643	69	805	7	317	7	671	7
777	7318	787	644	68	813	7	251	7	612	6
778	7319	788	605	17	77	1	17	1	102	1
779	7320	110	573	18	70	1	24	1	59	1
780	7321	114	634	101	1651	10	484	10	977	10
781	7322	590	789	35	73	1	21	1	59	1
782	7323	771	246	156	1050	8	405	8	773	8
783	7324	593	772	157	774	5	246	5	510	5
784	7325	772	119	113	1235	7	380	7	671	7
785	7326	23	790	27	0	0	0	0	0	0
786	7327	489	502	24	0	0	0	0	0	0
787	7328	587	655	15	0	0	0	0	0	0
788	7329	655	156	61	0	0	0	0	0	0
789	7330	791	792	121	921	10	312	10	790	9
790	7331	31	793	15	75	1	19	1	102	1
791	7332	793	794	40	449	2	163	2	204	2
792	7333	794	792	34	528	1	152	1	255	1
793	7334	795	648	17	139	2	48	2	204	2
794	7335	572	789	57	0	0	0	0	0	0
795	7336	275	796	37	0	0	0	0	0	0
796	7337	797	128	847	0	0	0	0	0	0
797	7339	798	799	60	339	3	103	3	306	3
798	7340	764	800	54	162	1	42	1	102	1
799	7341	800	797	665	390	1	120	1	102	1
800	7342	797	796	262	139	1	49	1	102	1
801	7343	796	801	58	73	1	21	1	102	1
802	7346	13	798	27	0	0	0	0	0	0
803	7347	798	802	225	1970	16	615	16	1589	16
804	7348	803	800	139	0	0	0	0	0	0
805	7349	804	271	397	73	1	21	1	0	0
806	7350	805	272	327	72	1	22	1	0	0
807	7351	768	272	186	0	0	0	0	0	0
808	7353	806	582	296	222	2	76	2	204	2
809	7354	807	145	24	0	0	0	0	0	0
810	7355	767	808	261	0	0	0	0	0	0
811	7356	584	808	925	0	0	0	0	0	0
812	7358	668	125	78	0	0	0	0	0	0
813	7359	125	136	10	0	0	0	0	0	0
814	7360	136	807	146	0	0	0	0	0	0
815	7361	807	582	67	93	1	26	1	102	1
816	7364	809	514	305	0	0	0	0	0	0
817	7365	810	811	6	166	2	47	2	119	2
818	7366	811	812	27	572	6	210	6	297	5
819	7367	813	575	44	543	5	189	5	382	5
820	7368	757	814	67	70	1	24	1	0	0
821	7369	814	815	57	274	3	83	3	306	3
822	7370	640	816	96	815	7	222	7	671	7
823	7371	817	769	55	96	1	23	1	102	1
824	7376	680	818	153	154	1	50	1	59	1
825	7405	819	581	808	156	1	48	1	102	1
826	7410	581	820	799	153	2	60	2	204	2
827	7411	821	822	208	0	0	0	0	0	0
828	7412	822	823	151	310	1	98	1	59	1
829	7414	221	530	192	75	1	19	1	0	0
830	7415	823	776	52	147	1	41	1	59	1
831	7416	503	775	36	75	1	19	1	102	1
832	7417	221	824	81	1208	8	322	8	816	8
833	7418	19	503	108	1292	6	510	6	467	5
834	7420	825	631	75	849	5	325	5	510	5
835	7421	532	826	132	414	2	113	2	204	2
836	7514	797	827	444	70	1	24	1	102	1
837	7515	828	829	462	140	2	47	2	204	2
838	7516	828	830	94	72	1	22	1	102	1
839	7517	517	831	571	308	2	100	2	102	1
840	7518	831	828	176	0	0	0	0	0	0
841	7520	785	774	32	144	1	44	1	0	0
842	7521	774	658	84	0	0	0	0	0	0
843	7522	63	589	258	0	0	0	0	0	0
844	7523	60	649	445	0	0	0	0	0	0
845	7524	832	638	32	462	2	150	2	204	2
846	7525	754	833	5	0	0	0	0	0	0
847	7526	833	834	122	243	2	80	2	204	2
848	7527	835	660	46	0	0	0	0	0	0
849	7528	783	609	319	238	2	94	2	204	2
850	7532	642	836	31	286	4	114	4	323	4
851	7533	809	837	381	0	0	0	0	0	0
852	7535	753	838	26	138	2	49	2	161	2
853	7536	839	840	99	1203	13	353	13	314	2
854	7537	841	515	43	244	2	79	2	204	2
855	7538	770	842	72	591	5	192	5	510	5
856	7548	648	843	150	1299	9	529	9	833	9
857	7549	843	756	176	2194	13	849	13	1241	13
858	7550	756	781	77	148	2	39	2	204	2
859	7552	844	595	122	938	9	381	9	875	9
860	7554	649	647	55	0	0	0	0	0	0
861	7555	843	647	128	1005	7	390	7	714	7
862	7556	781	832	71	850	6	264	6	612	6
863	7557	780	837	361	0	0	0	0	0	0
864	7558	837	829	125	243	2	80	2	204	2
865	7559	817	845	105	308	2	100	2	204	2
866	7560	843	769	160	781	7	300	7	629	7
867	7561	769	846	74	154	2	59	2	204	2
868	7562	846	847	9	0	0	0	0	0	0
869	7563	847	661	50	97	1	22	1	59	1
870	7564	661	848	35	0	0	0	0	0	0
871	7565	848	788	23	0	0	0	0	0	0
872	7566	849	848	101	1027	9	300	9	875	9
873	7567	850	847	102	944	8	331	8	816	8
874	7568	851	643	44	156	1	48	1	102	1
875	7569	644	640	87	479	4	176	4	323	4
876	7570	574	114	47	153	1	51	1	102	1
877	7571	111	852	72	315	2	93	2	204	2
878	7572	852	839	45	221	3	60	3	714	4
879	7573	839	745	43	223	2	75	2	204	2
880	7574	745	757	36	155	1	49	1	102	1
881	7575	815	853	65	162	1	42	1	102	1
882	7576	853	743	79	70	1	24	1	102	1
883	7578	853	854	72	690	6	237	6	467	5
884	7580	51	855	36	1896	9	612	9	510	2
885	7581	603	53	78	0	0	0	0	0	0
886	7584	29	856	117	0	0	0	0	0	0
887	7585	857	858	78	891	10	282	10	637	10
888	7586	858	539	67	317	4	108	4	238	4
889	7587	852	15	101	504	6	152	6	306	3
890	7588	489	859	23	258	2	99	2	204	2
891	7589	859	587	64	157	1	47	1	59	1
892	7590	586	860	62	147	1	57	1	102	1
893	7591	860	856	36	0	0	0	0	102	1
894	7592	788	861	91	867	6	256	6	612	6
895	7593	861	862	68	784	6	296	6	612	6
896	7594	846	863	77	624	5	184	5	510	5
897	7595	863	864	64	852	6	236	6	527	6
898	7596	516	865	536	147	1	57	1	102	1
899	7597	865	809	217	161	1	43	1	102	1
900	7598	866	116	31	3145	22	969	22	0	0
901	7613	816	817	77	682	7	229	7	629	7
902	7614	803	583	1027	366	4	144	4	408	4
903	7619	529	687	230	0	0	0	0	0	0
904	7625	589	779	886	444	2	168	2	102	1
905	7627	790	34	3	0	0	0	0	0	0
906	7628	790	29	74	582	5	217	5	510	5
907	7634	71	867	584	762	6	251	6	569	6
908	7640	868	609	460	154	1	50	1	255	1
909	7641	624	868	270	70	1	24	1	59	1
910	7642	608	624	558	0	0	0	0	0	0
911	7643	621	505	79	157	1	47	1	59	1
912	7645	869	678	209	76	1	18	1	102	1
913	7646	678	218	122	139	1	49	1	102	1
914	7648	607	868	245	217	2	81	2	119	2
915	7649	870	871	146	94	1	25	1	59	1
916	7650	870	872	82	735	4	200	4	408	4
917	7651	873	874	37	1557	2	483	2	510	2
918	7653	875	669	141	0	0	0	0	0	0
919	7654	875	870	93	0	0	0	0	0	0
920	7656	876	623	95	2397	15	952	15	1258	14
921	7659	801	877	161	0	0	0	0	0	0
922	7660	877	752	247	402	3	125	3	204	2
923	7661	877	878	112	154	1	50	1	102	1
924	7662	600	879	39	415	2	112	2	161	2
925	7663	879	598	29	443	2	169	2	204	2
926	7666	808	880	298	71	1	23	1	102	1
927	7689	881	882	36	620	3	196	3	306	3
928	7690	882	559	3	0	0	0	0	0	0
929	7691	676	131	108	160	1	44	1	102	1
930	7692	537	883	72	468	4	153	4	365	4
931	7693	883	884	11	76	1	18	1	102	1
932	7694	49	885	37	206	3	75	3	0	0
933	7696	548	886	22	0	0	0	0	0	0
934	7698	220	497	56	449	3	147	3	204	2
935	7722	642	810	61	623	6	210	6	399	6
936	7723	31	248	8	0	0	0	0	0	0
937	7724	773	887	102	455	3	141	3	408	4
938	7725	598	888	43	297	2	111	2	204	2
939	7726	885	632	40	150	2	37	2	0	0
940	7727	113	110	41	163	1	41	1	102	1
941	7776	889	890	110	2560	15	773	15	1275	5
942	7777	792	246	63	1208	6	391	6	612	6
943	7779	891	35	51	788	3	216	3	306	3
944	7780	875	892	89	189	1	49	1	59	1
945	7782	593	873	58	562	6	220	6	629	7
946	7783	873	795	87	531	4	158	4	263	3
947	7784	771	889	11	0	0	0	0	0	0
948	7785	889	664	38	295	1	113	1	0	0
949	7786	675	893	33	318	1	90	1	102	1
950	7788	893	35	122	772	4	282	4	365	4
951	7899	456	521	755	70	1	24	1	59	1
952	7900	521	894	59	0	0	0	0	0	0
953	7901	460	695	99	0	0	0	0	0	0
954	7902	460	457	50	95	1	24	1	102	1
955	7903	458	895	124	994	9	341	9	773	8
956	7904	283	697	29	0	0	0	0	0	0
957	7905	894	896	233	155	1	49	1	59	1
958	8141	897	133	52	162	2	51	2	161	2
959	8142	133	724	81	296	2	112	2	119	2
960	8189	468	7	95	0	0	0	0	0	0
961	8191	381	898	74	348	4	137	4	263	3
962	8192	898	234	41	0	0	0	0	0	0
963	8195	400	899	117	396	3	131	3	263	3
964	8196	899	194	82	0	0	0	0	0	0
965	8197	47	900	48	447	3	165	3	306	3
966	8198	900	671	98	390	3	137	3	306	3
967	8199	670	901	107	471	2	141	2	204	2
968	8200	901	902	3	155	1	49	1	102	1
969	8201	412	903	39	0	0	0	0	255	1
970	8202	903	721	28	0	0	0	0	0	0
971	8532	904	905	176	0	0	0	0	0	0
972	8534	906	508	18	0	0	0	0	0	0
973	8535	904	907	222	149	1	39	1	102	1
974	8536	199	906	233	440	4	155	4	263	3
975	8537	420	509	534	75	1	19	1	102	1
976	8538	509	906	121	0	0	0	0	0	0
977	8713	906	908	1085	0	0	0	0	0	0
978	8714	909	905	781	472	3	166	3	263	3
979	8715	905	199	66	0	0	0	0	0	0
980	8716	908	233	270	0	0	0	0	0	0
981	8717	909	233	47	74	1	20	1	0	0
982	8718	42	910	582	317	2	91	2	102	1
983	8720	908	910	711	0	0	0	0	0	0
984	8721	910	354	217	308	1	100	1	102	1
985	8722	353	908	167	163	1	41	1	102	1
986	8723	243	168	763	890	4	334	4	306	3
987	10720	911	912	64	863	3	243	3	102	1
988	10732	207	913	40	0	0	0	0	0	0
989	10744	913	914	43	161	1	43	1	102	1
990	10745	914	915	158	185	2	53	2	161	2
991	10791	473	911	39	0	0	0	0	0	0
992	10792	911	916	83	1257	8	494	8	204	2
993	10793	437	912	9	0	0	0	0	0	0
994	10794	912	473	20	75	1	19	1	0	0
995	10795	234	917	32	213	2	85	2	204	2
996	10799	687	524	212	0	0	0	0	0	0
997	10802	823	174	14	0	0	0	0	0	0
998	10803	174	835	245	218	2	80	2	59	1
999	10804	519	177	1029	0	0	0	0	0	0
1000	10805	177	197	448	0	0	0	0	0	0
1001	10807	626	260	8	0	0	0	0	0	0
1002	10808	260	263	97	470	2	142	2	204	2
1003	10811	820	264	93	0	0	0	0	0	0
1004	10812	264	821	325	71	1	23	1	0	0
1005	10814	270	449	18	0	0	0	0	0	0
1006	10836	262	918	98	230	2	68	2	119	2
1007	11844	919	348	308	179	1	59	1	0	0
1008	11896	920	921	60	566	6	148	6	357	6
1009	12007	896	178	449	0	0	0	0	0	0
1010	12008	178	693	800	0	0	0	0	0	0
1011	12033	789	920	67	398	3	122	3	306	3
1012	12034	920	794	49	0	0	0	0	0	0
1013	12036	14	65	80	0	0	0	0	0	0
1014	12086	531	922	84	13051	21	3789	21	102	1
1015	12087	250	923	52	800	1	220	1	255	1
1016	12088	251	886	58	311	2	97	2	204	2
1017	12089	755	924	39	298	2	110	2	204	2
1018	12090	158	925	119	235	2	88	2	161	2
1019	12091	646	926	24	149	1	55	1	102	1
1020	12092	927	14	58	226	2	72	2	102	1
1021	12116	928	929	42	1505	9	569	9	833	9
1022	12117	929	572	64	1339	2	361	2	255	1
1023	-1	32	653	181	0	0	0	0	0	0
1024	-2	40	169	405	0	0	0	0	0	0
1025	-3	60	784	479	0	0	0	0	0	0
1026	-4	71	72	243	0	0	0	0	0	0
1027	-5	64	57	662	0	0	0	0	0	0
1028	-6	111	578	84	0	0	0	0	0	0
1029	-7	305	306	74	0	0	0	0	0	0
1030	-8	519	520	860	0	0	0	0	0	0
1031	-9	578	13	215	0	0	0	0	0	0
1032	-10	607	608	520	0	0	0	0	0	0
1033	-11	653	667	47	0	0	0	0	0	0
1034	-12	692	181	903	0	0	0	0	0	0
1035	-13	357	361	150	0	0	0	0	0	0
1036	-14	236	305	138	0	0	0	0	0	0
1037	-15	507	691	998	0	0	0	0	0	0
1038	-16	584	295	483	0	0	0	0	0	0
1039	-18	479	692	1672	0	0	0	0	0	0
END				
-----------------------------------------				
InputUsedToGenerateTheGraph:				
County:	Norddjurs			
CenterNodeId:	754			
Radius:	6500			
HouseTypes:	Normal	Summer	Apartment	
NumberOfWasteFractions: 2				
IntervalsForWasteFraction:	general	3.5	7.0	14.0
IntervalsForWasteFraction:	paper	7.0	14.0	28.0
-----------------------------------------				


