ProblemType:	MC-CARP
NumberNodes:	761
NumberEdges:	852
DepotNodeNumber:	288
NumberOfFractions:	4
NumberOfIntervalsForFraction	Glass_Metal_Plastic	1	14
NumberOfIntervalsForFraction	General	1	14
NumberOfIntervalsForFraction	Organic	1	14
NumberOfIntervalsForFraction	Paper	1	14
GRAPH
EdgeNumber	EdgeId	StartNodeNumber	EndNodeNumber	Cost	Demand_0	Bins_0
	Demand_1	Bins_1
	Demand_2	Bins_2
	Demand_3	Bins_3
START
0	0	0	1	90	101	3	219	3	63	3	92	3
1	1	0	2	124	181	4	413	4	86	4	97	4
2	2	3	4	113	173	4	413	4	103	4	323	4
3	3	5	6	31	34	1	112	1	16	1	81	1
4	4	7	5	93	292	6	663	6	159	6	426	9
5	6	8	9	50	151	4	332	4	61	4	97	4
6	7	3	10	99	83	2	195	2	45	2	11	2
7	8	11	12	66	226	5	452	5	121	5	248	4
8	9	13	14	120	462	11	1108	11	241	11	576	9
9	10	15	16	94	265	7	631	7	133	7	259	6
10	12	17	18	108	247	7	657	7	159	7	339	7
11	13	19	20	59	117	3	296	3	72	3	242	3
12	14	21	22	55	529	12	1152	12	300	12	71	13
13	15	23	24	143	0	0	0	0	0	0	0	0
14	16	25	0	97	365	7	765	7	213	7	334	6
15	17	26	25	100	106	3	318	3	61	3	242	3
16	18	1	26	99	179	4	438	4	72	4	248	4
17	19	1	27	41	209	5	511	5	113	5	27	5
18	53	28	29	190	686	20	1722	20	457	20	562	20
19	54	30	31	35	0	0	0	0	0	0	0	0
20	55	32	30	36	43	1	95	1	24	1	5	1
21	57	35	36	51	320	7	711	7	176	7	189	7
22	58	37	38	32	1685	2	4164	2	1071	2	935	3
23	59	39	40	16	74	2	234	2	58	2	11	2
24	60	41	42	74	86	2	188	2	49	2	86	2
25	61	43	44	37	198	4	475	4	92	4	172	4
26	62	45	46	10	116	2	240	2	52	2	0	0
27	63	47	48	379	164	5	416	5	75	5	253	5
28	64	46	42	203	24	1	72	1	15	1	5	1
29	67	50	51	79	36	1	109	1	17	1	5	1
30	69	53	54	37	49	1	130	1	25	1	81	1
31	70	54	55	58	184	4	541	4	91	4	97	4
32	71	53	56	37	82	2	190	2	43	2	86	2
33	77	57	58	21	31	1	107	1	24	1	81	1
34	78	59	57	34	111	3	304	3	61	3	242	3
35	90	60	61	101	0	0	0	0	0	0	0	0
36	91	60	62	50	32	1	105	1	25	1	0	0
37	92	63	64	168	499	12	1011	12	267	12	517	12
38	96	57	67	240	247	6	512	6	100	6	183	6
39	97	68	67	17	0	0	0	0	0	0	0	0
40	98	69	70	48	31	1	112	1	19	1	81	1
41	99	71	70	32	103	3	231	3	49	3	242	3
42	100	70	72	6	0	0	0	0	0	0	0	0
43	101	72	73	42	75	2	199	2	41	2	11	2
44	102	72	74	30	58	2	170	2	44	2	86	2
45	103	74	75	44	137	4	388	4	62	4	172	4
46	104	73	76	24	76	3	218	3	38	3	92	3
47	105	77	78	84	99	4	287	4	56	4	22	4
48	106	79	80	54	156	4	346	4	85	4	97	4
49	107	79	81	52	165	4	393	4	80	4	172	4
50	108	82	79	35	89	2	188	2	46	2	86	2
51	110	83	84	29	305	7	608	7	141	7	114	7
52	111	85	86	32	102	3	239	3	42	3	92	3
53	112	87	56	56	49	1	130	1	25	1	81	1
54	113	69	87	8	0	0	0	0	0	0	0	0
55	114	74	88	22	155	5	416	5	84	5	97	4
56	115	54	89	47	125	4	355	4	64	4	172	4
57	116	90	35	51	154	4	439	4	87	4	16	3
58	117	91	92	4	20	1	76	1	15	1	5	1
59	118	93	92	64	37	1	103	1	22	1	5	1
60	119	91	94	108	129	4	432	4	77	4	172	4
61	120	15	94	102	56	2	137	2	28	2	11	2
62	121	95	61	112	145	1	301	1	64	1	0	0
63	122	96	97	188	0	0	0	0	0	0	0	0
64	123	97	98	100	218	4	656	4	121	4	172	4
65	124	99	90	51	0	0	0	0	0	0	0	0
66	125	100	101	115	475	9	1153	9	310	9	363	7
67	152	102	103	6	0	0	0	0	0	0	0	0
68	153	104	105	43	81	3	256	3	46	3	92	3
69	154	106	107	23	135	3	276	3	74	3	242	3
70	155	107	108	9	43	1	101	1	18	1	81	1
71	156	109	110	17	294	9	874	9	175	9	350	9
72	157	111	112	52	201	5	515	5	134	5	328	5
73	159	102	113	39	91	2	186	2	46	2	161	2
74	160	102	115	75	175	4	331	4	89	4	172	4
75	161	116	115	39	82	2	206	2	35	2	161	2
76	162	115	112	22	37	1	102	1	23	1	81	1
77	163	112	117	44	361	7	776	7	164	7	565	7
78	164	118	119	446	313	6	732	6	137	6	253	5
79	165	120	121	9	0	0	0	0	0	0	0	0
80	166	122	123	33	21	1	80	1	10	1	5	1
81	167	122	124	41	124	3	245	3	56	3	92	3
82	168	125	68	63	21	1	76	1	14	1	81	1
83	169	126	127	38	976	5	1883	5	541	5	81	1
84	170	128	129	111	262	6	529	6	127	6	334	6
85	171	128	130	37	0	0	0	0	0	0	0	0
86	172	131	128	60	0	0	0	0	0	0	0	0
87	173	132	133	106	280	7	636	7	155	7	415	7
88	174	133	80	42	68	2	173	2	31	2	81	1
89	175	130	134	10	0	0	0	0	0	0	0	0
90	176	86	135	63	45	2	148	2	28	2	161	2
91	177	136	135	7	23	1	74	1	14	1	5	1
92	178	135	33	25	32	1	104	1	26	1	81	1
93	179	137	53	52	340	8	755	8	138	8	345	8
94	180	138	87	102	144	4	407	4	95	4	172	4
95	181	139	140	56	28	1	69	1	14	1	81	1
96	191	141	142	852	219	4	448	4	107	4	248	4
97	452	143	144	68	33	1	108	1	21	1	5	1
98	453	145	103	115	199	4	416	4	108	4	248	4
99	454	146	147	85	520	12	1728	12	285	12	1005	10
100	455	104	107	46	0	0	0	0	0	0	0	0
101	456	148	149	56	80	3	256	3	47	3	16	3
102	463	150	83	91	239	9	657	9	150	9	49	9
103	464	151	84	76	379	13	1170	13	245	13	222	13
104	610	152	153	103	1180	39	2846	39	752	39	2084	37
105	712	41	154	8	0	0	0	0	0	0	0	0
106	713	38	155	9	0	0	0	0	0	0	0	0
107	714	155	41	12	0	0	0	0	0	0	0	0
108	715	154	38	8	0	0	0	0	0	0	0	0
109	823	156	157	19	0	0	0	0	0	0	0	0
110	824	157	158	16	0	0	0	0	0	0	0	0
111	825	158	156	35	0	0	0	0	0	0	0	0
112	854	160	161	83	1163	46	2763	46	705	46	2048	44
113	862	162	163	90	1127	12	2368	12	670	12	1053	10
114	868	164	165	27	0	0	0	0	0	0	0	0
115	869	165	166	707	337	2	845	2	178	2	0	0
116	870	167	168	125	0	0	0	0	0	0	0	0
117	871	168	169	164	0	0	0	0	0	0	0	0
118	872	169	170	163	0	0	0	0	0	0	0	0
119	873	170	167	124	0	0	0	0	0	0	0	0
120	874	170	168	11	0	0	0	0	0	0	0	0
121	875	171	172	101	0	0	0	0	0	0	0	0
122	876	172	173	159	0	0	0	0	0	0	0	0
123	877	173	174	159	0	0	0	0	0	0	0	0
124	878	174	171	101	0	0	0	0	0	0	0	0
125	879	174	172	8	0	0	0	0	0	0	0	0
126	880	175	176	71	0	0	0	0	0	0	0	0
127	884	177	175	71	0	0	0	0	0	0	0	0
128	885	177	176	7	0	0	0	0	0	0	0	0
129	886	178	179	49	0	0	0	0	0	0	0	0
130	903	182	183	115	0	0	0	0	0	0	0	0
131	904	183	184	115	0	0	0	0	0	0	0	0
132	905	184	181	84	0	0	0	0	0	0	0	0
133	906	182	184	8	0	0	0	0	0	0	0	0
134	1043	68	78	36	124	4	398	4	65	4	86	2
135	1044	123	121	36	100	3	239	3	44	3	92	3
136	1046	185	186	24	0	0	0	0	0	0	0	0
137	1048	187	133	122	56	2	179	2	37	2	86	2
138	1049	188	83	71	767	20	1624	20	380	20	481	19
139	1050	186	189	52	0	0	0	0	0	0	0	0
140	1058	190	82	7	31	1	109	1	22	1	81	1
141	1063	191	192	120	249	6	546	6	106	6	178	5
142	1064	193	191	107	425	13	1022	13	245	13	217	12
143	1065	194	195	13	73	2	158	2	41	2	0	0
144	1066	196	194	41	191	6	423	6	100	6	0	0
145	1067	197	65	100	319	8	787	8	127	8	415	7
146	1068	197	196	82	125	4	356	4	63	4	97	4
147	1069	196	191	57	68	2	213	2	42	2	161	2
148	1071	198	199	12	21	1	76	1	14	1	5	1
149	1072	200	201	46	0	0	0	0	0	0	0	0
150	1073	202	201	61	0	0	0	0	0	0	0	0
151	1075	203	200	37	112	1	332	1	66	1	0	0
152	1076	204	205	79	150	4	351	4	86	4	172	4
153	1077	206	204	115	359	8	832	8	169	8	194	8
154	1078	207	208	94	141	4	332	4	71	4	97	4
155	1079	209	208	36	172	4	425	4	92	4	248	4
156	1080	210	211	11	77	1	212	1	51	1	81	1
157	1081	212	213	247	53	1	130	1	21	1	0	0
158	1083	214	215	316	1094	27	2546	27	493	27	0	0
159	1084	216	217	21	166	5	528	5	105	5	323	4
160	1085	218	219	89	345	10	978	10	190	10	582	10
161	1086	220	221	85	67	2	172	2	33	2	86	2
162	1087	222	223	36	113	3	311	3	52	3	167	3
163	1088	223	224	36	145	4	334	4	57	4	22	4
164	1089	225	222	22	138	4	338	4	60	4	97	4
165	1090	226	227	85	117	3	261	3	56	3	92	3
166	1321	162	228	86	575	3	1254	3	211	3	510	2
167	1322	229	230	25	0	0	0	0	0	0	0	0
168	1323	229	231	27	0	0	0	0	0	0	0	0
169	1324	230	232	17	0	0	0	0	0	0	0	0
170	1325	232	233	13	0	0	0	0	0	0	0	0
171	1326	233	234	15	0	0	0	0	0	0	0	0
172	1329	231	230	20	0	0	0	0	0	0	0	0
173	1339	232	236	475	0	0	0	0	0	0	0	0
174	1383	237	238	45	0	0	0	0	0	0	0	0
175	1384	239	240	347	0	0	0	0	0	0	0	0
176	1385	240	238	82	0	0	0	0	0	0	0	0
177	1386	240	241	45	0	0	0	0	0	0	0	0
178	1387	241	242	71	36	1	109	1	17	1	81	1
179	1388	241	243	72	112	3	333	3	82	3	242	3
180	1389	244	245	267	598	4	1779	4	343	4	0	0
181	1391	245	246	89	32	1	108	1	22	1	0	0
182	1392	246	247	161	0	0	0	0	0	0	0	0
183	1393	247	248	17	54	1	120	1	30	1	0	0
184	1395	249	250	68	28	1	71	1	12	1	5	1
185	1396	250	251	57	186	6	534	6	139	6	259	6
186	1399	252	253	49	0	0	0	0	0	0	0	0
187	1400	253	254	82	113	3	308	3	64	3	92	3
188	1470	227	255	73	404	11	1250	11	191	11	506	10
189	1471	256	226	116	56	2	181	2	35	2	86	2
190	1473	257	258	62	76	2	238	2	52	2	86	2
191	1474	259	260	117	0	0	0	0	0	0	0	0
192	1477	261	262	59	103	3	296	3	77	3	167	3
193	1478	261	263	52	198	5	442	5	117	5	328	5
194	1479	264	265	101	251	8	784	8	155	8	264	7
195	1481	213	266	134	32	1	109	1	21	1	81	1
196	1482	267	268	203	183	5	448	5	75	5	253	5
197	1496	269	270	49	2004	1	3698	1	1098	1	425	1
198	1502	271	272	74	1868	1	3986	1	946	1	425	1
199	1603	273	103	63	135	3	334	3	58	3	242	3
200	1604	274	275	125	0	0	0	0	0	0	0	0
201	1605	276	277	76	87	2	188	2	48	2	161	2
202	1606	278	279	472	46	1	125	1	33	1	0	0
203	1607	280	281	262	0	0	0	0	0	0	0	0
204	1609	282	62	251	0	0	0	0	0	0	0	0
205	1734	283	284	141	27	1	67	1	17	1	5	1
206	1736	285	286	523	146	4	339	4	59	4	22	4
207	1737	286	287	107	42	1	103	1	17	1	5	1
208	2037	288	289	52	198	2	543	2	101	2	336	2
209	2038	289	290	12	41	1	97	1	24	1	81	1
210	2039	10	11	63	139	4	330	4	67	4	22	4
211	2040	291	292	122	490	11	1019	11	302	11	807	10
212	2063	293	294	61	0	0	0	0	0	0	0	0
213	2064	295	296	14	590	14	1782	14	382	14	526	5
214	2065	297	298	14	66	2	171	2	35	2	11	2
215	2088	299	280	566	171	1	437	1	72	1	81	1
216	2228	236	235	610	0	0	0	0	0	0	0	0
217	2230	233	300	29	0	0	0	0	0	0	0	0
218	2231	300	234	27	0	0	0	0	0	0	0	0
219	2232	173	167	616	0	0	0	0	0	0	0	0
220	2252	301	302	84	0	0	0	0	0	0	0	0
221	2253	302	303	54	0	0	0	0	0	0	0	0
222	2254	303	304	90	0	0	0	0	0	0	0	0
223	2255	302	305	171	480	11	1110	11	246	11	356	10
224	2283	306	307	21	0	0	0	0	0	0	0	0
225	2284	307	308	74	2261	8	5259	8	978	8	0	0
226	2285	309	310	144	467	11	1124	11	203	11	130	10
227	2286	310	311	62	741	23	2142	23	390	23	202	23
228	2287	155	312	66	0	0	0	0	0	0	0	0
229	2288	312	313	58	0	0	0	0	0	0	0	0
230	2289	313	314	17	0	0	0	0	0	0	0	0
231	2290	312	315	17	24	1	74	1	13	1	5	1
232	2291	314	316	35	266	7	559	7	153	7	38	7
233	2292	314	315	69	416	10	773	10	222	10	55	10
234	2293	315	317	51	900	24	2449	24	570	24	132	24
235	2295	158	318	114	0	0	0	0	0	0	0	0
236	2296	318	319	75	1962	5	5052	5	1338	5	1766	12
237	2321	313	320	167	341	11	950	11	222	11	211	11
238	2322	40	321	28	25	1	72	1	14	1	0	0
239	2324	322	282	11	0	0	0	0	0	0	0	0
240	2531	323	324	180	80	2	242	2	44	2	161	2
241	2532	325	326	162	0	0	0	0	0	0	0	0
242	2533	327	328	108	131	4	362	4	94	4	97	4
243	2534	329	330	165	340	8	915	8	182	8	275	9
244	2535	331	332	10	50	2	149	2	22	2	11	2
245	2543	333	299	118	77	1	209	1	54	1	0	0
246	2545	335	336	51	1119	21	2640	21	559	21	255	1
247	2681	179	337	108	811	21	1556	21	354	21	607	6
248	2682	303	338	179	597	13	1411	13	347	13	598	13
249	2989	339	340	13	0	0	0	0	0	0	0	0
250	2990	341	340	12	0	0	0	0	0	0	0	0
251	3115	342	176	141	77	1	227	1	36	1	5	1
252	3117	169	175	331	0	0	0	0	0	0	0	0
253	3366	330	331	255	401	11	1040	11	183	11	587	11
254	3367	343	323	17	0	0	0	0	0	0	0	0
255	3368	344	345	467	39	1	98	1	25	1	5	1
256	3415	346	347	141	315	8	721	8	188	8	345	8
257	3416	347	348	11	0	0	0	0	0	0	0	0
258	3417	348	349	33	20	1	79	1	12	1	5	1
259	3418	350	351	14	0	0	0	0	0	0	0	0
260	3419	351	352	67	309	7	665	7	148	7	490	7
261	3487	219	354	142	176	4	427	4	86	4	242	3
262	3488	354	355	46	0	0	0	0	0	0	0	0
263	3489	355	356	36	149	3	307	3	71	3	242	3
264	3590	358	359	155	0	0	0	0	0	0	0	0
265	3591	358	360	162	0	0	0	0	0	0	0	0
266	3593	360	359	39	0	0	0	0	0	0	0	0
267	3596	362	363	70	0	0	0	0	0	0	0	0
268	3604	361	364	107	0	0	0	0	0	0	0	0
269	3613	365	23	559	0	0	0	0	0	0	0	0
270	3642	366	367	821	217	7	584	7	126	7	183	6
271	3649	283	341	119	0	0	0	0	0	0	0	0
272	3651	368	369	623	65	2	201	2	49	2	86	2
273	3652	370	371	179	143	3	302	3	74	3	92	3
274	3653	372	368	164	27	1	73	1	11	1	5	1
275	3654	343	325	48	0	0	0	0	0	0	0	0
276	3655	373	344	131	155	5	417	5	74	5	103	5
277	3657	375	376	913	0	0	0	0	0	0	0	0
278	3658	377	378	663	99	3	331	3	55	3	242	3
279	3813	139	290	143	186	4	365	4	95	4	172	4
280	3814	140	379	65	21	1	76	1	14	1	5	1
281	3815	35	380	89	704	19	1465	19	288	19	521	4
282	3816	381	382	57	69	1	216	1	55	1	81	1
283	3841	383	384	138	104	3	282	3	48	3	161	2
284	4038	328	385	515	444	8	938	8	276	8	495	8
285	4039	367	386	144	62	2	168	2	42	2	81	1
286	4040	387	328	601	37	1	106	1	19	1	81	1
287	4077	388	389	15	0	0	0	0	0	0	0	0
288	4078	389	390	65	64	2	179	2	29	2	86	2
289	4079	391	390	72	171	5	475	5	102	5	253	5
290	4080	390	392	42	0	0	0	0	0	0	0	0
291	4081	393	390	72	449	8	1006	8	237	8	264	7
292	4082	394	388	43	416	10	773	10	214	10	275	9
293	4083	395	202	68	0	0	0	0	0	0	0	0
294	4084	396	397	136	467	13	1083	13	193	13	517	12
295	4085	398	388	21	39	1	98	1	25	1	81	1
296	4086	204	399	44	184	6	449	6	81	6	183	6
297	4087	400	401	18	0	0	0	0	0	0	0	0
298	4088	401	402	18	0	0	0	0	0	0	0	0
299	4089	402	403	31	54	1	122	1	28	1	81	1
300	4090	404	405	127	371	11	1019	11	174	11	431	10
301	4091	406	407	96	315	7	612	7	144	7	264	7
302	4092	12	408	76	222	6	594	6	94	6	259	6
303	4093	12	406	79	165	4	361	4	69	4	92	3
304	4094	12	409	78	179	5	409	5	67	5	178	5
305	4095	11	410	58	159	4	294	4	83	4	97	4
306	4096	406	32	77	124	4	384	4	87	4	22	4
307	4097	406	411	122	445	12	961	12	201	12	141	12
308	4098	178	30	148	255	6	593	6	104	6	178	5
309	4099	412	413	212	24	1	74	1	13	1	0	0
310	4100	414	212	21	0	0	0	0	0	0	0	0
311	4102	415	414	254	78	2	195	2	42	2	81	1
312	4103	416	412	235	294	4	741	4	172	4	242	3
313	4192	417	418	310	125	4	286	4	82	4	97	4
314	4193	418	419	130	0	0	0	0	0	0	0	0
315	4194	419	420	330	258	5	750	5	148	5	103	5
316	4195	421	3	200	1099	13	3496	13	553	13	844	8
317	4196	421	8	101	238	5	672	5	119	5	409	6
318	4197	8	140	9	0	0	0	0	0	0	0	0
319	4198	417	139	49	190	5	480	5	87	5	178	5
320	4200	422	24	178	240	6	742	6	115	6	409	6
321	4357	378	423	596	178	3	346	3	88	3	167	3
322	4358	25	424	408	107	2	236	2	65	2	161	2
323	4359	425	39	23	121	4	312	4	60	4	22	4
324	4360	105	426	77	34	1	111	1	17	1	5	1
325	4362	322	96	31	0	0	0	0	0	0	0	0
326	4363	96	427	100	0	0	0	0	0	0	0	0
327	5046	385	428	398	22	1	73	1	16	1	5	1
328	5586	429	329	47	0	0	0	0	0	0	0	0
329	5587	330	367	262	444	11	966	11	239	11	361	11
330	5588	367	430	60	28	1	66	1	17	1	5	1
331	5592	372	373	127	71	2	205	2	47	2	86	2
332	5593	372	431	124	353	11	1037	11	225	11	512	11
333	5594	374	432	160	36	1	110	1	16	1	81	1
334	5595	433	377	948	178	6	497	6	133	6	22	4
335	5596	433	434	108	144	4	437	4	108	4	248	4
336	5662	434	435	213	0	0	0	0	0	0	0	0
337	5663	340	435	586	0	0	0	0	0	0	0	0
338	5664	435	436	708	192	6	587	6	88	6	183	6
339	5686	339	377	805	27	1	67	1	17	1	5	1
340	5689	370	327	32	39	1	98	1	25	1	5	1
341	5690	429	370	47	0	0	0	0	0	0	0	0
342	5691	326	429	428	1496	15	3043	15	884	15	194	8
343	5748	437	438	48	0	0	0	0	0	0	0	0
344	5749	326	285	178	0	0	0	0	0	0	0	0
345	5750	373	437	104	124	3	301	3	60	3	167	3
346	5751	344	439	144	150	4	415	4	81	4	248	4
347	5752	286	433	109	0	0	0	0	0	0	0	0
348	6107	362	49	177	54	1	120	1	30	1	81	1
349	6108	440	182	214	198	4	437	4	88	4	0	0
350	6109	181	182	85	0	0	0	0	0	0	0	0
351	6113	310	249	29	0	0	0	0	0	0	0	0
352	6114	441	442	17	0	0	0	0	0	0	0	0
353	6115	443	444	211	31	1	107	1	24	1	81	1
354	6221	446	447	18	0	0	0	0	0	0	0	0
355	6222	448	449	41	0	0	0	0	0	0	0	0
356	6224	447	448	43	0	0	0	0	0	0	0	0
357	6330	450	404	49	19	1	76	1	16	1	5	1
358	6332	450	451	64	530	9	1385	9	244	9	500	9
359	6333	179	452	73	568	17	1840	17	295	17	620	17
360	6335	453	454	15	0	0	0	0	0	0	0	0
361	6440	455	456	11	0	0	0	0	0	0	0	0
362	6441	457	458	12	0	0	0	0	0	0	0	0
363	6897	418	376	53	0	0	0	0	0	0	0	0
364	6898	459	460	58	170	3	498	3	123	3	166	3
365	6899	6	461	110	0	0	0	0	0	0	0	0
366	6900	32	462	168	329	10	953	10	214	10	350	9
367	6908	463	358	310	0	0	0	0	0	0	0	0
368	6909	101	90	69	0	0	0	0	0	0	0	0
369	6911	464	465	58	41	1	130	1	33	1	0	0
370	6913	5	382	222	84	2	241	2	41	2	86	2
371	6916	101	466	44	242	2	668	2	110	2	0	0
372	6917	467	210	22	66	2	170	2	36	2	86	2
373	6918	414	468	20	0	0	0	0	0	0	0	0
374	6983	383	444	371	753	20	1983	20	494	20	787	20
375	6984	469	470	324	0	0	0	0	0	0	0	0
376	7066	179	472	87	0	0	0	0	0	0	0	0
377	7561	436	473	300	39	1	107	1	16	1	81	1
378	7721	476	474	36	74	2	198	2	43	2	86	2
379	7923	477	476	154	307	10	958	10	240	10	426	9
380	8623	478	270	72	0	0	0	0	0	0	0	0
381	8624	479	480	32	21	1	80	1	10	1	5	1
382	8625	481	482	34	0	0	0	0	0	0	0	0
383	8652	484	485	41	0	0	0	0	0	0	0	0
384	8653	485	486	34	56	2	135	2	30	2	11	2
385	8654	486	487	58	192	5	485	5	80	5	178	5
386	8655	488	484	90	55	2	190	2	27	2	86	2
387	8656	485	489	45	64	2	171	2	37	2	86	2
388	8657	486	490	120	552	13	1185	13	252	13	437	11
389	8659	268	491	32	36	1	103	1	23	1	81	1
390	8660	491	492	67	221	6	563	6	134	6	259	6
391	8661	488	493	31	573	16	1342	16	295	16	308	15
392	8662	270	494	125	1463	1	4348	1	989	1	425	1
393	8670	495	496	23	0	0	0	0	0	0	0	0
394	8671	497	496	67	100	3	271	3	63	3	242	3
395	8672	498	499	36	125	4	269	4	48	4	22	4
396	8673	499	481	59	147	5	400	5	108	5	103	5
397	8674	481	479	47	82	2	193	2	40	2	11	2
398	8675	267	481	63	42	1	94	1	26	1	81	1
399	8676	500	478	36	89	2	232	2	45	2	161	2
400	8680	502	216	156	286	8	836	8	162	8	495	8
401	8681	219	224	11	0	0	0	0	0	0	0	0
402	8682	227	503	7	0	0	0	0	0	0	0	0
403	8686	226	153	34	55	1	128	1	21	1	81	1
404	8694	505	506	85	274	7	612	7	134	7	264	7
405	8695	265	507	45	21	1	77	1	13	1	81	1
406	8696	265	508	93	342	9	939	9	207	9	409	6
407	8697	509	510	32	39	1	107	1	16	1	81	1
408	8698	484	509	36	90	2	228	2	48	2	86	2
409	8699	489	294	253	126	1	330	1	54	1	0	0
410	8700	294	504	45	0	0	0	0	0	0	0	0
411	8702	221	511	67	24	1	71	1	16	1	5	1
412	8703	213	293	51	0	0	0	0	0	0	0	0
413	8773	512	189	193	0	0	0	0	0	0	0	0
414	8774	118	513	148	226	5	455	5	118	5	253	5
415	8775	514	278	74	0	0	0	0	0	0	0	0
416	8776	94	118	118	183	6	556	6	120	6	253	5
417	8777	118	515	62	80	2	231	2	55	2	86	2
418	8778	149	130	75	243	8	715	8	122	8	345	8
419	8780	134	516	147	140	4	296	4	57	4	97	4
420	8781	516	517	44	48	1	132	1	24	1	81	1
421	8782	518	149	36	27	1	71	1	13	1	5	1
422	8785	519	520	40	137	3	290	3	49	3	16	3
423	8786	521	522	39	35	1	102	1	25	1	5	1
424	8788	199	523	23	0	0	0	0	0	0	0	0
425	8789	524	400	54	88	2	185	2	50	2	86	2
426	8790	525	524	68	0	0	0	0	0	0	0	0
427	8791	526	280	11	0	0	0	0	0	0	0	0
428	8792	415	527	162	49	1	134	1	21	1	81	1
429	8793	526	528	107	0	0	0	0	0	0	0	0
430	8794	398	529	49	147	4	387	4	61	4	242	3
431	8795	389	530	50	207	5	488	5	96	5	173	4
432	8827	531	495	46	0	0	0	0	0	0	0	0
433	8828	531	497	134	245	5	513	5	135	5	404	5
434	8829	532	497	137	418	10	890	10	205	10	501	9
435	8830	533	532	13	0	0	0	0	0	0	0	0
436	8831	533	534	159	1020	27	2504	27	471	27	2105	27
437	8836	535	536	52	99	2	212	2	55	2	81	1
438	8837	537	536	118	544	15	1666	15	255	15	1211	15
439	8838	538	537	13	42	1	95	1	25	1	81	1
440	8839	539	540	11	43	1	93	1	26	1	81	1
441	8843	541	489	205	0	0	0	0	0	0	0	0
442	8844	542	527	103	112	2	290	2	49	2	81	1
443	8845	502	353	68	146	4	412	4	80	4	242	3
444	8846	511	502	20	0	0	0	0	0	0	0	0
445	8847	511	543	28	75	2	165	2	32	2	86	2
446	8848	544	545	210	622	17	1905	17	465	17	1135	15
447	8850	543	544	56	0	0	0	0	0	0	0	0
448	8851	546	547	163	465	12	1078	12	234	12	593	12
449	8852	548	528	100	0	0	0	0	0	0	0	0
450	8853	549	306	89	82	2	205	2	36	2	0	0
451	8854	550	551	89	102	3	277	3	55	3	167	3
452	8855	352	346	12	0	0	0	0	0	0	0	0
453	8856	349	350	31	77	2	195	2	51	2	86	2
454	8857	552	553	175	0	0	0	0	0	0	0	0
455	8858	554	549	69	117	3	338	3	64	3	161	2
456	8860	555	541	72	95	2	255	2	58	2	161	2
457	8861	556	557	57	69	2	220	2	34	2	161	2
458	8863	536	556	22	37	1	101	1	24	1	81	1
459	8864	558	556	45	1135	37	3001	37	519	37	1246	35
460	8866	471	470	20	0	0	0	0	0	0	0	0
461	8904	559	560	75	0	0	0	0	0	0	0	0
462	8907	561	364	34	0	0	0	0	0	0	0	0
463	8908	359	361	51	0	0	0	0	0	0	0	0
464	8911	562	357	65	0	0	0	0	0	0	0	0
465	8949	563	119	408	0	0	0	0	0	0	0	0
466	9312	355	564	35	352	9	931	9	230	9	334	6
467	9313	16	565	123	43	1	95	1	24	1	81	1
468	9314	16	566	187	558	14	1386	14	300	14	905	14
469	9315	565	17	77	250	5	548	5	129	5	103	5
470	9316	17	567	59	102	2	207	2	57	2	161	2
471	9378	291	570	7	0	0	0	0	0	0	0	0
472	9383	105	571	304	170	1	439	1	71	1	0	0
473	9386	571	563	51	0	0	0	0	0	0	0	0
474	9428	144	276	23	0	0	0	0	0	0	0	0
475	9695	186	126	31	0	0	0	0	0	0	0	0
476	9771	24	25	45	53	2	139	2	29	2	11	2
477	9772	572	154	25	41	1	133	1	30	1	81	1
478	9804	574	575	53	194	6	591	6	125	6	259	6
479	9805	26	574	94	226	7	598	7	103	7	114	7
480	9836	562	322	382	0	0	0	0	0	0	0	0
481	9837	322	526	518	55	2	189	2	28	2	11	2
482	9838	526	260	564	60	2	137	2	24	2	0	0
483	9902	576	301	79	926	30	2129	30	495	30	2041	29
484	9903	559	577	129	874	38	2425	38	630	38	1790	38
485	9912	578	579	82	49	2	137	2	35	2	11	2
486	9913	578	580	102	1997	10	6317	10	977	10	1120	10
487	9914	472	581	7	0	0	0	0	0	0	0	0
488	9915	581	582	73	1049	22	2142	22	609	22	1551	22
489	9916	581	583	66	0	0	0	0	0	0	0	0
490	9917	583	584	84	984	26	2601	26	474	26	1949	26
491	9918	404	585	23	28	1	70	1	13	1	5	1
492	9919	585	586	85	904	28	2149	28	533	28	2035	28
493	9933	300	171	194	0	0	0	0	0	0	0	0
494	9934	172	164	408	55	1	116	1	33	1	81	1
495	9935	587	588	658	992	6	2513	6	575	6	0	0
496	9954	23	376	673	0	0	0	0	0	0	0	0
497	9955	589	417	64	41	1	99	1	22	1	81	1
498	9956	19	590	92	43	1	94	1	25	1	81	1
499	9957	591	592	49	73	2	207	2	35	2	11	2
500	9958	18	21	117	77	2	240	2	49	2	161	2
501	9959	19	18	49	0	0	0	0	0	0	0	0
502	9960	592	593	129	50	1	126	1	28	1	81	1
503	9962	22	592	132	1061	23	2132	23	471	23	126	23
504	9963	6	4	23	0	0	0	0	0	0	0	0
505	9964	44	572	41	219	5	440	5	98	5	404	5
506	9965	594	288	81	199	5	527	5	124	5	328	5
507	9966	290	595	51	87	2	268	2	53	2	11	2
508	9967	595	596	55	150	1	422	1	108	1	0	0
509	9968	7	597	21	208	8	670	8	108	8	44	8
510	9970	598	291	22	0	0	0	0	0	0	0	0
511	9971	585	13	57	32	1	114	1	16	1	81	1
512	9972	477	450	33	49	1	134	1	21	1	5	1
513	9973	599	31	30	21	1	76	1	14	1	5	1
514	9974	31	600	138	486	11	1033	11	232	11	437	11
515	9975	32	601	117	348	11	955	11	210	11	431	10
516	9976	466	320	61	132	4	323	4	89	4	97	4
517	9977	320	40	27	0	0	0	0	0	0	0	0
518	9978	39	602	71	299	9	643	9	155	9	200	9
519	9979	166	45	849	0	0	0	0	0	0	0	0
520	9981	603	50	237	59	2	176	2	37	2	86	2
521	9985	604	146	58	126	3	361	3	83	3	167	3
522	9986	146	273	39	20	1	79	1	12	1	5	1
523	9987	117	109	113	636	14	1318	14	231	14	528	14
524	9988	279	563	199	44	1	98	1	20	1	0	0
525	9990	109	104	18	33	1	103	1	26	1	81	1
526	9991	117	605	42	408	10	950	10	240	10	130	10
527	9992	606	518	41	155	4	335	4	54	4	172	4
528	9994	607	516	50	161	5	426	5	68	5	178	5
529	9995	516	608	51	190	6	450	6	125	6	183	6
530	9998	518	609	37	264	7	667	7	132	7	339	7
531	10000	56	610	143	342	10	959	10	212	10	506	10
532	10201	611	100	45	206	7	539	7	131	7	38	7
533	10227	612	368	603	74	2	197	2	44	2	86	2
534	10233	51	423	661	68	2	215	2	32	2	11	2
535	10326	565	613	184	253	8	735	8	185	8	571	8
536	10327	320	614	69	552	13	1108	13	236	13	222	13
537	10367	615	472	116	779	21	1522	21	411	21	515	3
538	10385	616	617	139	1469	30	3662	30	853	30	1152	28
539	10417	618	619	56	87	3	255	3	41	3	92	3
540	10422	318	620	18	0	0	0	0	0	0	0	0
541	10423	620	621	38	111	3	294	3	71	3	167	3
542	10424	622	238	117	21	1	76	1	14	1	5	1
543	10425	304	623	61	0	0	0	0	0	0	0	0
544	10426	623	624	84	0	0	0	0	0	0	0	0
545	10427	624	237	5	0	0	0	0	0	0	0	0
546	10428	237	625	81	573	14	1539	14	277	14	905	14
547	10429	624	626	178	1056	23	2169	23	516	23	1776	22
548	10430	623	627	53	312	7	840	7	191	7	565	7
549	10431	304	628	151	983	31	1969	31	597	31	1787	31
550	10432	583	629	5	0	0	0	0	0	0	0	0
551	10438	591	630	40	0	0	0	0	0	0	0	0
552	10439	21	591	15	0	0	0	0	0	0	0	0
553	10440	630	631	54	237	5	470	5	135	5	253	5
554	10441	630	632	33	34	1	106	1	22	1	81	1
555	10442	633	634	52	220	6	665	6	118	6	259	6
556	10443	633	635	30	204	5	587	5	144	5	178	5
557	10488	514	105	171	0	0	0	0	0	0	0	0
558	10493	62	514	271	0	0	0	0	0	0	0	0
559	10494	636	637	41	257	8	723	8	159	8	345	8
560	10495	638	636	40	128	4	366	4	93	4	97	4
561	10496	522	636	38	73	2	209	2	41	2	161	2
562	10497	63	639	73	233	6	603	6	133	6	409	6
563	10501	121	640	89	225	8	674	8	138	8	270	8
564	10502	67	69	64	0	0	0	0	0	0	0	0
565	10503	641	73	26	111	4	317	4	65	4	97	4
566	10504	123	78	19	21	1	76	1	14	1	5	1
567	10505	642	120	62	241	7	661	7	161	7	108	6
568	10506	122	643	20	22	1	73	1	16	1	5	1
569	10507	185	644	183	0	0	0	0	0	0	0	0
570	10508	131	133	38	38	1	105	1	19	1	5	1
571	10509	134	86	33	30	1	106	1	26	1	81	1
572	10511	189	185	49	0	0	0	0	0	0	0	0
573	10512	84	120	38	202	6	464	6	99	6	183	6
574	10514	129	644	14	0	0	0	0	0	0	0	0
575	10516	645	92	77	26	1	70	1	15	1	5	1
576	10517	91	15	117	139	3	276	3	70	3	161	2
577	10518	97	646	96	0	0	0	0	0	0	0	0
578	10519	466	611	179	470	13	1188	13	263	13	372	13
579	10529	647	519	37	199	6	609	6	102	6	183	6
580	10530	648	519	38	25	1	70	1	16	1	5	1
581	10531	648	649	41	110	4	288	4	44	4	97	4
582	10532	650	651	43	111	4	375	4	58	4	172	4
583	10533	652	653	50	118	3	263	3	53	3	86	2
584	10534	522	654	36	172	4	391	4	75	4	248	4
585	10873	465	180	201	20	1	75	1	16	1	5	1
586	10874	244	42	128	0	0	0	0	0	0	0	0
587	10875	655	244	28	0	0	0	0	0	0	0	0
588	10877	52	656	508	71	1	227	1	42	1	0	0
589	10878	246	180	400	0	0	0	0	0	0	0	0
590	10894	266	657	99	329	8	885	8	206	8	345	8
591	10895	266	658	80	585	13	1302	13	323	13	673	13
592	10896	658	659	36	380	8	912	8	162	8	194	8
593	10897	659	660	35	178	5	531	5	90	5	97	4
594	10975	646	214	80	0	0	0	0	0	0	0	0
595	10999	588	164	25	0	0	0	0	0	0	0	0
596	11000	165	588	49	0	0	0	0	0	0	0	0
597	11032	661	662	23	38	1	103	1	21	1	81	1
598	11033	663	521	31	0	0	0	0	0	0	0	0
599	11034	197	663	13	0	0	0	0	0	0	0	0
600	11035	664	661	14	185	4	428	4	76	4	323	4
601	11036	523	663	40	138	3	329	3	60	3	86	2
602	11037	662	523	50	120	3	267	3	47	3	242	3
603	11038	662	665	26	387	9	862	9	154	9	501	9
604	11039	521	63	9	0	0	0	0	0	0	0	0
605	11040	648	402	42	32	1	105	1	25	1	81	1
606	11041	652	650	29	69	2	174	2	29	2	11	2
607	11042	400	650	38	104	3	228	3	51	3	167	3
608	11043	666	528	160	548	4	1236	4	248	4	0	0
609	11044	667	398	122	267	7	641	7	112	7	264	7
610	11045	668	669	39	171	4	444	4	74	4	22	4
611	11046	670	202	68	171	5	494	5	92	5	328	5
612	11047	395	397	28	157	5	321	5	75	5	27	5
613	11048	397	669	54	188	4	396	4	105	4	172	4
614	11049	671	669	5	20	1	80	1	11	1	5	1
615	11050	201	392	134	0	0	0	0	0	0	0	0
616	11051	392	672	115	57	1	120	1	27	1	81	1
617	11052	208	205	40	167	5	448	5	91	5	103	5
618	11053	673	205	53	216	6	623	6	113	6	33	6
619	11054	524	192	33	0	0	0	0	0	0	0	0
620	11055	205	192	42	0	0	0	0	0	0	0	0
621	11056	674	652	8	102	3	268	3	64	3	92	3
622	11057	210	401	38	36	1	105	1	21	1	81	1
623	11058	415	412	132	162	2	433	2	85	2	161	2
624	11059	416	468	111	0	0	0	0	0	0	0	0
625	11060	427	416	60	46	1	127	1	31	1	81	1
626	11061	427	675	107	75	1	215	1	50	1	0	0
627	11064	675	646	60	0	0	0	0	0	0	0	0
628	11340	335	676	168	319	5	939	5	196	5	1020	4
629	11347	677	331	9	21	1	79	1	11	1	5	1
630	11348	327	329	55	0	0	0	0	0	0	0	0
631	11349	371	678	107	37	1	107	1	18	1	5	1
632	11350	323	325	69	0	0	0	0	0	0	0	0
633	11352	298	679	13	73	2	159	2	40	2	5	1
634	11353	296	680	13	302	8	664	8	173	8	11	2
635	11354	293	681	42	168	4	385	4	76	4	242	3
636	11382	682	445	152	126	1	318	1	66	1	5	1
637	11383	445	141	62	0	0	0	0	0	0	0	0
638	11462	477	599	44	0	0	0	0	0	0	0	0
639	11463	599	683	74	496	17	1421	17	268	17	510	2
640	11465	13	598	61	47	1	133	1	24	1	5	1
641	11540	45	47	113	0	0	0	0	0	0	0	0
642	11541	36	43	190	823	29	2504	29	444	29	1740	29
643	11542	43	160	79	425	11	950	11	249	11	587	11
644	11619	354	220	21	0	0	0	0	0	0	0	0
645	11620	221	216	67	187	4	466	4	78	4	242	3
646	11621	258	222	94	201	6	481	6	126	6	33	6
647	11622	223	688	42	77	2	159	2	36	2	86	2
648	11623	224	503	86	180	4	456	4	95	4	172	4
649	11624	257	503	34	25	1	70	1	16	1	5	1
650	11626	444	682	91	26	1	69	1	16	1	5	1
651	11627	689	258	26	58	2	138	2	25	2	5	1
652	11630	690	547	67	285	8	628	8	175	8	345	8
653	11631	547	395	60	212	6	637	6	112	6	259	6
654	11632	691	692	52	966	10	2261	10	454	10	1020	4
655	11633	306	693	68	151	3	357	3	62	3	0	0
656	11635	550	694	287	1019	57	2293	57	643	57	1829	57
657	11636	550	349	51	0	0	0	0	0	0	0	0
658	11637	306	695	67	32	1	113	1	17	1	81	1
659	11639	554	695	91	123	3	296	3	57	3	81	1
660	11874	560	301	23	0	0	0	0	0	0	0	0
661	11875	10	696	152	169	5	395	5	91	5	178	5
662	11880	280	282	516	0	0	0	0	0	0	0	0
663	11882	512	525	17	0	0	0	0	0	0	0	0
664	11883	525	281	15	0	0	0	0	0	0	0	0
665	11884	281	672	14	0	0	0	0	0	0	0	0
666	11885	672	512	17	0	0	0	0	0	0	0	0
667	11886	125	274	15	0	0	0	0	0	0	0	0
668	11887	144	697	51	74	2	208	2	41	2	161	2
669	11888	644	125	17	0	0	0	0	0	0	0	0
670	11889	274	129	18	0	0	0	0	0	0	0	0
671	11890	277	698	212	28	1	70	1	13	1	5	1
672	11891	273	699	45	28	1	66	1	17	1	81	1
673	11922	386	700	184	62	2	177	2	33	2	86	2
674	11923	700	701	482	119	3	262	3	53	3	86	2
675	11967	430	702	741	50	2	142	2	29	2	11	2
676	11968	702	434	33	0	0	0	0	0	0	0	0
677	11969	691	553	21	0	0	0	0	0	0	0	0
678	11972	552	555	19	0	0	0	0	0	0	0	0
679	11973	555	469	20	0	0	0	0	0	0	0	0
680	11974	551	552	20	0	0	0	0	0	0	0	0
681	11975	469	551	20	0	0	0	0	0	0	0	0
682	11976	548	691	19	0	0	0	0	0	0	0	0
683	11977	553	693	19	0	0	0	0	0	0	0	0
684	11978	693	548	20	0	0	0	0	0	0	0	0
685	12062	250	703	63	0	0	0	0	0	0	0	0
686	12063	160	704	46	635	15	1349	15	269	15	760	15
687	12064	703	705	8	0	0	0	0	0	0	0	0
688	12065	705	616	7	0	0	0	0	0	0	0	0
689	12066	616	703	14	0	0	0	0	0	0	0	0
690	12067	705	162	128	870	10	2721	10	449	10	1530	6
691	12068	100	99	16	0	0	0	0	0	0	0	0
692	12069	99	706	37	671	16	1360	16	332	16	314	16
693	12070	611	309	10	0	0	0	0	0	0	0	0
694	12071	309	707	33	783	18	1763	18	412	18	400	18
695	12077	285	375	523	20	1	75	1	16	1	81	1
696	12079	342	708	151	37	1	109	1	16	1	81	1
697	12081	143	604	84	42	1	100	1	20	1	5	1
698	12082	604	709	63	150	4	424	4	64	4	248	4
699	12117	710	145	9	41	1	130	1	33	1	5	1
700	12118	145	711	70	187	6	572	6	100	6	183	6
701	12157	712	554	71	98	3	278	3	58	3	86	2
702	12158	541	686	42	141	4	404	4	101	4	248	4
703	12159	713	714	77	729	4	1629	4	362	4	0	0
704	12164	507	261	31	36	1	104	1	22	1	81	1
705	12165	507	505	26	0	0	0	0	0	0	0	0
706	12166	505	504	50	51	1	126	1	27	1	81	1
707	12167	509	715	173	377	11	1107	11	191	11	651	9
708	12169	268	488	43	39	1	105	1	18	1	81	1
709	12170	491	716	85	254	6	647	6	111	6	259	6
710	12186	717	495	88	607	18	1719	18	309	18	1453	18
711	12187	532	471	44	121	3	305	3	50	3	167	3
712	12188	496	533	56	0	0	0	0	0	0	0	0
713	12189	499	298	30	27	1	70	1	14	1	5	1
714	12190	267	478	94	113	4	350	4	81	4	86	2
715	12192	718	483	116	114	3	270	3	50	3	167	3
716	12193	478	483	86	93	2	249	2	66	2	81	1
717	12194	479	296	30	66	2	177	2	29	2	86	2
718	12195	270	719	38	1573	1	4373	1	854	1	425	1
719	12203	539	557	125	625	18	1786	18	445	18	1297	17
720	12206	470	535	20	0	0	0	0	0	0	0	0
721	12525	720	721	115	598	4	1704	4	418	4	0	0
722	12526	721	61	135	0	0	0	0	0	0	0	0
723	12528	438	722	271	23	1	76	1	12	1	5	1
724	12529	722	343	127	0	0	0	0	0	0	0	0
725	12550	339	341	10	0	0	0	0	0	0	0	0
726	12554	275	277	83	0	0	0	0	0	0	0	0
727	12580	446	587	29	0	0	0	0	0	0	0	0
728	12583	447	449	11	0	0	0	0	0	0	0	0
729	12586	655	441	70	0	0	0	0	0	0	0	0
730	12587	442	463	110	0	0	0	0	0	0	0	0
731	12588	463	453	111	0	0	0	0	0	0	0	0
732	12589	442	453	15	0	0	0	0	0	0	0	0
733	12590	365	455	104	0	0	0	0	0	0	0	0
734	12591	655	456	70	0	0	0	0	0	0	0	0
735	12592	456	441	14	0	0	0	0	0	0	0	0
736	12593	365	458	103	0	0	0	0	0	0	0	0
737	12594	590	457	22	0	0	0	0	0	0	0	0
738	12595	590	454	22	0	0	0	0	0	0	0	0
739	12596	454	457	14	0	0	0	0	0	0	0	0
740	12597	458	455	14	0	0	0	0	0	0	0	0
741	12672	2	594	23	0	0	0	0	0	0	0	0
742	12673	2	589	24	0	0	0	0	0	0	0	0
743	12674	594	589	21	0	0	0	0	0	0	0	0
744	12675	461	459	67	0	0	0	0	0	0	0	0
745	12680	49	440	204	0	0	0	0	0	0	0	0
746	12681	440	723	225	887	12	2443	12	402	12	0	0
747	12682	363	156	107	0	0	0	0	0	0	0	0
748	12683	620	28	57	0	0	0	0	0	0	0	0
749	12684	724	159	204	38	1	98	1	26	1	5	1
750	12685	178	28	104	69	2	166	2	37	2	11	2
751	12706	334	725	366	191	2	401	2	88	2	0	0
752	12709	725	259	13	0	0	0	0	0	0	0	0
753	12710	726	333	14	0	0	0	0	0	0	0	0
754	12711	725	726	13	0	0	0	0	0	0	0	0
755	12712	259	333	14	0	0	0	0	0	0	0	0
756	12831	321	727	20	121	5	346	5	86	5	0	0
757	12832	728	321	24	52	2	141	2	29	2	255	1
758	12833	249	36	115	0	0	0	0	0	0	0	0
759	12834	363	382	228	0	0	0	0	0	0	0	0
760	12835	50	729	244	46	1	130	1	28	1	81	1
761	12839	60	720	24	0	0	0	0	0	0	0	0
762	12840	194	730	169	1190	12	2621	12	465	12	1020	4
763	12950	459	4	62	0	0	0	0	0	0	0	0
764	13050	152	731	40	223	6	494	6	99	6	108	6
765	13076	141	732	559	25	1	71	1	15	1	0	0
766	13126	482	335	40	0	0	0	0	0	0	0	0
767	13138	567	568	52	50	1	129	1	25	1	81	1
768	13139	567	684	50	57	2	188	2	27	2	11	2
769	13140	560	733	49	0	0	0	0	0	0	0	0
770	13141	733	734	109	480	10	945	10	233	10	506	10
771	13142	733	735	100	268	6	657	6	129	6	259	6
772	13234	570	559	129	41	1	99	1	22	1	5	1
773	13249	18	252	73	0	0	0	0	0	0	0	0
774	13250	253	633	158	646	16	1644	16	345	16	760	15
775	13251	736	737	127	378	9	974	9	263	9	275	9
776	13258	252	736	45	65	2	208	2	50	2	86	2
777	13259	736	738	38	86	2	263	2	59	2	86	2
778	13260	621	739	82	347	10	1044	10	258	10	431	10
779	13261	621	740	83	0	0	0	0	0	0	0	0
780	13262	740	741	49	265	6	635	6	112	6	183	6
781	13263	742	618	25	85	2	196	2	34	2	11	2
782	13264	742	743	33	74	2	158	2	40	2	86	2
783	13265	744	742	26	37	1	100	1	25	1	5	1
784	13266	745	744	28	46	2	140	2	35	2	5	1
785	13268	629	745	31	27	1	69	1	15	1	5	1
786	13269	618	746	32	72	2	210	2	41	2	11	2
787	13270	745	747	33	84	2	204	2	35	2	161	2
788	13271	744	748	29	72	2	200	2	51	2	161	2
789	13272	627	749	50	436	8	909	8	245	8	646	8
790	13273	627	750	23	49	1	123	1	32	1	81	1
791	13276	239	751	51	910	21	1692	21	501	21	567	21
792	-13	545	543	1	0	0	0	0	0	0	0	0
793	-16	676	482	1	0	0	0	0	0	0	0	0
794	-19	698	275	1	0	0	0	0	0	0	0	0
795	-20	739	740	1	0	0	0	0	0	0	0	0
796	-21	49	52	731	0	0	0	0	0	0	0	0
797	-22	7	461	122	0	0	0	0	0	0	0	0
798	-25	159	236	435	0	0	0	0	0	0	0	0
799	-28	159	229	121	0	0	0	0	0	0	0	0
800	-31	180	181	378	0	0	0	0	0	0	0	0
801	-32	126	189	75	0	0	0	0	0	0	0	0
802	-33	234	231	32	0	0	0	0	0	0	0	0
803	-34	235	561	607	0	0	0	0	0	0	0	0
804	-35	235	361	650	0	0	0	0	0	0	0	0
805	-36	334	726	376	0	0	0	0	0	0	0	0
806	-39	168	446	361	0	0	0	0	0	0	0	0
807	-40	177	445	498	0	0	0	0	0	0	0	0
808	-42	282	357	383	0	0	0	0	0	0	0	0
809	-44	360	357	208	0	0	0	0	0	0	0	0
810	-45	374	368	340	0	0	0	0	0	0	0	0
811	-46	183	448	594	0	0	0	0	0	0	0	0
812	-47	449	656	50	0	0	0	0	0	0	0	0
813	-48	46	180	776	0	0	0	0	0	0	0	0
814	-49	471	535	38	0	0	0	0	0	0	0	0
815	-51	578	276	52	0	0	0	0	0	0	0	0
816	-52	238	51	397	0	0	0	0	0	0	0	0
817	-53	483	271	77	0	0	0	0	0	0	0	0
818	-55	342	52	220	0	0	0	0	0	0	0	0
819	-56	504	353	201	0	0	0	0	0	0	0	0
820	-58	239	157	355	0	0	0	0	0	0	0	0
821	-59	562	364	52	0	0	0	0	0	0	0	0
822	-62	561	214	174	0	0	0	0	0	0	0	0
823	-63	468	212	39	0	0	0	0	0	0	0	0
824	-65	259	714	245	0	0	0	0	0	0	0	0
825	-66	33	34	2	0	0	0	0	0	0	0	0
826	56	752	34	159	301	7	579	7	140	7	264	7
827	-73	33	752	1	0	0	0	0	0	0	0	0
828	-67	65	66	2	0	0	0	0	0	0	0	0
829	95	753	66	203	152	5	419	5	84	5	97	4
830	-74	65	753	1	0	0	0	0	0	0	0	0
831	-68	113	114	2	0	0	0	0	0	0	0	0
832	158	754	114	96	344	9	986	9	166	9	490	7
833	-75	113	754	1	0	0	0	0	0	0	0	0
834	-69	474	475	2	0	0	0	0	0	0	0	0
835	7720	755	475	74	118	3	331	3	78	3	92	3
836	-76	474	755	1	0	0	0	0	0	0	0	0
837	-54	500	501	73	0	0	0	0	0	0	0	0
838	8677	756	501	205	620	16	1517	16	405	16	760	15
839	-77	500	756	1	0	0	0	0	0	0	0	0
840	-70	568	569	2	0	0	0	0	0	0	0	0
841	9317	757	569	67	200	5	500	5	99	5	404	5
842	-78	568	757	1	0	0	0	0	0	0	0	0
843	-60	37	573	117	0	0	0	0	0	0	0	0
844	-80	684	759	1	0	0	0	0	0	0	0	0
845	11484	759	685	63	192	5	600	5	101	5	103	5
846	-71	684	685	2	0	0	0	0	0	0	0	0
847	-79	37	758	1	0	0	0	0	0	0	0	0
848	9800	758	573	158	1663	4	4449	4	1062	4	850	2
849	-81	686	760	1	0	0	0	0	0	0	0	0
850	11585	760	687	280	427	13	1173	13	228	13	372	13
851	-72	686	687	2	0	0	0	0	0	0	0	0
END				
-----------------------------------------				
InputUsedToGenerateTheGraph:				
County:	Odense			
CenterNodeId:	2803			
Radius:	4000			
HouseTypes:	Normal	Summer	Apartment	
NumberOfWasteFractions: 2				
IntervalsForWasteFraction:	paper	14.0	28.0	
IntervalsForWasteFraction:	general	3.5	7.0	14.0
-----------------------------------------				


