ProblemType:	MC-CARP
NumberNodes:	1132
NumberEdges:	1221
DepotNodeNumber:	86
NumberOfFractions:	4
NumberOfIntervalsForFraction	Paper	1	14
NumberOfIntervalsForFraction	Glass	1	14
NumberOfIntervalsForFraction	Plastic	1	14
NumberOfIntervalsForFraction	Metal	1	14
GRAPH
EdgeNumber	EdgeId	StartNodeNumber	EndNodeNumber	Cost	Demand_0	Bins_0
	Demand_1	Bins_1
	Demand_2	Bins_2
	Demand_3	Bins_3
START
0	22	0	1	1567	51	1	11	2	96	2	28	2
1	85	2	3	631	0	0	0	0	0	0	0	0
2	155	4	5	185	51	1	2	1	30	1	10	1
3	195	6	7	28	0	0	2	1	23	1	10	1
4	196	8	9	81	40	1	14	4	118	4	41	4
5	197	9	10	44	0	0	6	2	59	2	22	2
6	198	10	11	15	0	0	0	0	0	0	0	0
7	199	12	13	102	110	3	24	6	191	6	62	6
8	200	13	2	48	40	1	2	1	20	1	8	1
9	254	14	15	94	0	0	0	0	0	0	0	0
10	262	16	17	194	40	1	3	1	39	1	12	1
11	279	18	19	105	102	1	21	5	136	5	60	5
12	280	18	20	11	0	0	0	0	0	0	0	0
13	281	21	22	34	0	0	11	3	82	3	32	3
14	282	23	24	39	40	1	2	1	23	1	10	1
15	285	25	26	280	0	0	2	1	24	1	9	1
16	286	27	20	86	51	1	14	3	108	3	39	3
17	287	20	26	161	0	0	18	5	100	5	55	5
18	288	28	29	132	182	4	21	5	170	5	63	5
19	289	23	21	89	0	0	21	6	139	6	63	6
20	290	21	30	58	51	1	11	3	96	3	32	3
21	333	31	32	145	51	1	5	2	46	2	14	2
22	334	33	34	426	0	0	2	1	25	1	9	1
23	459	35	36	259	0	0	1	1	15	1	4	1
24	461	37	38	13	0	0	2	1	21	1	9	1
25	576	39	40	404	51	1	2	1	27	1	9	1
26	601	41	42	39	51	1	2	1	25	1	10	1
27	602	42	43	56	306	6	21	6	135	6	58	6
28	631	44	45	110	51	1	10	3	98	3	30	3
29	652	46	47	718	51	1	2	1	20	1	10	1
30	680	48	49	92	153	3	20	6	173	6	61	6
31	699	50	51	176	0	0	0	0	0	0	0	0
32	701	52	53	110	0	0	0	0	0	0	0	0
33	757	55	56	142	102	2	11	3	78	3	36	3
34	758	56	57	122	0	0	7	2	65	2	25	2
35	759	58	0	401	0	0	0	0	0	0	0	0
36	760	0	39	32	0	0	2	1	29	1	9	1
37	769	59	60	86	386	8	35	8	237	8	90	8
38	771	58	61	718	153	3	21	3	117	3	63	3
39	829	62	63	232	0	0	27	2	207	2	82	2
40	830	55	64	22	0	0	0	0	0	0	0	0
41	831	64	57	113	204	4	14	4	117	4	37	4
42	832	57	65	115	0	0	0	0	0	0	0	0
43	834	66	67	105	40	1	2	1	31	1	9	1
44	835	67	56	51	80	2	8	2	53	2	26	2
45	849	68	69	60	0	0	19	5	156	5	59	5
46	880	70	71	155	0	0	6	1	44	1	19	1
47	912	72	73	299	0	0	0	0	0	0	0	0
48	913	72	74	185	0	0	0	0	0	0	0	0
49	914	73	75	130	51	1	2	1	27	1	10	1
50	915	76	77	383	0	0	0	0	0	0	0	0
51	938	78	79	356	0	0	7	1	45	1	19	1
52	954	80	81	207	0	0	0	0	0	0	0	0
53	955	82	83	67	0	0	0	0	0	0	0	0
54	956	84	85	350	0	0	2	1	25	1	10	1
55	1023	86	87	958	459	9	230	20	1891	20	695	20
56	1024	88	89	303	51	1	2	1	24	1	10	1
57	1025	90	91	142	0	0	0	0	0	0	0	0
58	1026	92	93	153	0	0	2	1	27	1	9	1
59	1027	94	95	240	0	0	0	0	0	0	0	0
60	1028	96	97	220	102	2	25	7	170	7	76	7
61	1029	98	96	335	40	1	7	1	61	1	19	1
62	1030	98	94	201	102	2	6	2	64	2	22	2
63	1031	94	99	470	0	0	0	0	0	0	0	0
64	1032	100	101	81	102	2	25	7	198	7	75	7
65	1033	101	97	78	102	2	25	3	221	3	72	3
66	1034	101	102	143	204	4	17	5	161	5	48	5
67	1040	104	105	120	233	5	33	9	251	9	90	9
68	1041	106	107	151	0	0	2	1	27	1	10	1
69	1042	108	70	388	0	0	0	0	0	0	0	0
70	1136	109	110	338	0	0	0	0	0	0	0	0
71	1137	111	112	453	51	1	6	2	40	2	20	2
72	1138	113	114	31	0	0	0	0	0	0	0	0
73	1139	115	116	99	255	5	27	8	226	8	80	8
74	1140	50	117	197	51	1	2	1	24	1	10	1
75	1141	118	115	66	0	0	0	0	0	0	0	0
76	1142	115	119	58	0	0	0	0	0	0	0	0
77	1143	119	120	17	0	0	0	0	0	0	0	0
78	1144	49	121	23	51	1	1	1	13	1	5	1
79	1145	48	122	30	0	0	6	2	45	2	21	2
80	1146	123	124	84	102	2	10	3	72	3	31	3
81	1148	125	112	476	51	1	2	1	31	1	10	1
82	1149	112	126	488	102	2	10	3	60	3	30	3
83	1150	127	128	156	0	0	0	0	0	0	0	0
84	1156	129	130	75	0	0	10	3	68	3	28	3
85	1157	130	131	101	0	0	2	1	24	1	9	1
86	1209	132	133	230	0	0	2	1	22	1	10	1
87	1277	134	135	292	0	0	6	2	49	2	21	2
88	1279	136	137	175	255	5	30	8	216	8	81	8
89	1280	137	138	11	0	0	0	0	0	0	0	0
90	1281	138	139	94	51	1	10	3	70	3	28	3
91	1282	139	140	81	51	1	6	2	47	2	19	2
92	1283	140	141	104	51	1	1	1	14	1	5	1
93	1285	142	143	1296	51	1	2	1	23	1	8	1
94	1286	137	144	43	153	3	10	3	89	3	34	3
95	1287	138	145	33	51	1	6	2	55	2	22	2
96	1288	139	146	48	0	0	7	2	71	2	22	2
97	1289	110	147	344	0	0	0	0	0	0	0	0
98	1290	110	52	59	0	0	0	0	0	0	0	0
99	1291	143	148	27	0	0	0	0	0	0	0	0
100	1292	148	149	248	0	0	0	0	0	0	0	0
101	1293	150	151	39	0	0	0	0	0	0	0	0
102	1295	152	153	832	0	0	6	2	41	2	21	2
103	1296	153	154	317	51	1	7	2	72	2	22	2
104	1297	152	155	169	0	0	0	0	0	0	0	0
105	1298	156	157	437	0	0	0	0	0	0	0	0
106	1299	158	156	127	51	1	3	1	27	1	11	1
107	1300	156	159	83	0	0	0	0	0	0	0	0
108	1301	160	84	283	0	0	2	1	19	1	8	1
109	1302	161	37	98	0	0	3	1	29	1	12	1
110	1303	72	161	135	153	3	13	4	76	4	39	4
111	1304	161	150	51	51	1	1	1	16	1	5	1
112	1323	162	163	134	51	1	2	1	30	1	9	1
113	1334	154	162	17	0	0	0	0	0	0	0	0
114	1335	162	164	378	0	0	0	0	0	0	0	0
115	1336	135	165	21	0	0	0	0	0	0	0	0
116	1345	166	167	276	0	0	0	0	0	0	0	0
117	1346	136	168	13	0	0	0	0	0	0	0	0
118	1350	103	169	109	0	0	5	2	50	2	16	2
119	1351	169	170	152	204	4	23	5	201	5	73	5
120	1352	171	170	110	204	4	22	6	134	6	63	6
121	1353	172	173	291	204	4	14	4	92	4	43	4
122	1354	174	76	294	102	2	7	2	64	2	25	2
123	1355	114	174	90	0	0	2	1	23	1	10	1
124	1357	126	175	320	0	0	0	0	0	0	0	0
125	1358	176	177	246	29	1	1	1	18	1	5	1
126	1369	178	166	212	51	1	3	1	39	1	13	1
127	1370	179	180	541	51	1	2	1	28	1	8	1
128	1371	181	182	11	0	0	0	0	0	0	0	0
129	1372	183	78	247	0	0	0	0	0	0	0	0
130	1449	184	185	121	51	1	1	1	20	1	7	1
131	1473	186	187	136	0	0	0	0	0	0	0	0
132	1474	188	189	143	0	0	0	0	0	0	0	0
133	1475	190	191	71	51	1	14	4	113	4	44	4
134	1476	173	190	26	0	0	0	0	0	0	0	0
135	1477	190	192	241	631	13	51	14	367	14	156	14
136	1478	192	193	40	153	3	10	3	72	3	28	3
137	1479	193	105	41	142	3	10	3	77	3	28	3
138	1480	106	172	31	0	0	0	0	0	0	0	0
139	1481	173	194	276	0	0	0	0	0	0	0	0
140	1482	194	47	66	0	0	0	0	0	0	0	0
141	1483	193	172	88	0	0	0	0	0	0	0	0
142	1484	195	196	167	0	0	0	0	0	0	0	0
143	1485	196	173	31	0	0	0	0	0	0	0	0
144	1486	91	197	169	0	0	0	0	0	0	0	0
145	1498	198	199	34	51	1	6	2	61	2	19	2
146	1499	199	169	28	0	0	0	0	0	0	0	0
147	1500	171	199	230	102	2	6	2	53	2	18	2
148	1501	200	164	99	0	0	2	1	28	1	8	1
149	1502	201	198	17	0	0	0	0	0	0	0	0
150	1503	201	202	326	153	3	13	4	93	4	38	4
151	1509	203	204	401	0	0	5	2	47	2	15	2
152	1513	206	207	61	51	1	15	2	119	2	42	2
153	1514	207	208	53	0	0	2	1	22	1	9	1
154	1515	209	210	101	0	0	14	4	119	4	44	4
155	1524	211	212	255	0	0	0	0	0	0	0	0
156	1525	211	213	538	102	2	9	3	55	3	28	3
157	1526	214	215	110	0	0	0	0	0	0	0	0
158	1527	215	216	247	0	0	9	3	54	3	26	3
159	1528	217	218	167	0	0	0	0	0	0	0	0
160	1529	218	219	59	0	0	0	0	0	0	0	0
161	1530	220	221	72	0	0	0	0	0	0	0	0
162	1531	221	177	343	0	0	0	0	0	0	0	0
163	1532	127	222	172	51	1	2	1	27	1	10	1
164	1571	223	224	7	0	0	0	0	0	0	0	0
165	1572	224	225	169	102	2	19	4	172	4	63	4
166	1575	109	226	148	51	1	2	1	20	1	8	1
167	1576	226	227	236	0	0	0	0	0	0	0	0
168	1577	228	75	161	153	3	10	3	65	3	30	3
169	1578	75	229	513	0	0	0	0	0	0	0	0
170	1579	228	73	75	51	1	2	1	23	1	9	1
171	1621	230	231	136	0	0	0	0	0	0	0	0
172	1622	202	171	90	204	4	27	8	245	8	73	8
173	1623	164	198	164	51	1	17	5	165	5	52	5
174	1628	232	233	559	0	0	1	1	16	1	5	1
175	1636	234	209	287	0	0	12	1	82	1	39	1
176	1638	233	235	93	0	0	0	0	0	0	0	0
177	1654	83	85	237	0	0	2	1	28	1	9	1
178	1655	85	99	238	51	1	3	1	25	1	12	1
179	1657	236	237	233	51	1	10	2	74	2	31	2
180	1658	238	239	40	0	0	6	2	57	2	20	2
181	1659	238	240	764	51	1	6	2	53	2	20	2
182	1660	82	236	86	51	1	2	1	29	1	9	1
183	1661	99	241	345	0	0	0	0	0	0	0	0
184	1662	242	225	65	0	0	0	0	0	0	0	0
185	1663	242	243	309	0	0	2	1	20	1	10	1
186	1664	244	245	106	51	1	11	3	108	3	29	3
187	1665	245	223	54	142	3	11	3	77	3	35	3
188	1666	244	246	126	193	4	14	4	126	4	44	4
189	1667	246	247	31	51	1	2	1	21	1	10	1
190	1668	248	249	165	0	0	6	2	42	2	21	2
191	1669	249	250	29	51	1	8	1	77	1	27	1
192	1670	251	248	510	102	2	11	3	91	3	35	3
193	1671	248	252	35	102	2	14	4	132	4	39	4
194	1672	244	253	84	102	2	10	3	86	3	29	3
195	1673	253	223	70	51	1	2	1	29	1	9	1
196	1674	225	254	20	0	0	2	1	20	1	9	1
197	1676	245	255	165	131	3	23	6	205	6	63	6
198	1677	253	245	30	0	0	0	0	0	0	0	0
199	1678	256	254	40	0	0	0	0	0	0	0	0
200	1679	253	257	34	29	1	11	3	81	3	31	3
201	1681	246	249	78	0	0	0	0	0	0	0	0
202	1682	258	185	148	51	1	3	1	31	1	11	1
203	1683	259	260	84	51	1	2	1	29	1	10	1
204	1685	261	262	151	0	0	0	0	0	0	0	0
205	1686	262	259	578	51	1	2	1	24	1	10	1
206	1687	247	263	13	51	1	2	1	21	1	8	1
207	1688	263	181	74	51	1	3	1	34	1	12	1
208	1689	181	250	25	0	0	0	0	0	0	0	0
209	1690	264	265	122	255	5	37	10	306	10	96	10
210	1691	263	44	24	0	0	0	0	0	0	0	0
211	1692	179	266	648	51	1	2	1	26	1	10	1
212	1693	44	265	146	153	3	14	4	117	4	38	4
213	1694	265	180	663	0	0	2	1	25	1	9	1
214	1695	267	268	47	0	0	0	0	0	0	0	0
215	1696	256	242	55	0	0	0	0	0	0	0	0
216	1893	269	270	73	0	0	1	1	22	1	6	1
217	1894	271	272	328	51	1	3	1	27	1	12	1
218	1895	45	273	97	0	0	6	2	50	2	18	2
219	1896	273	179	551	0	0	0	0	0	0	0	0
220	1899	274	275	128	0	0	6	2	45	2	22	2
221	1900	183	182	168	0	0	0	0	0	0	0	0
222	1901	276	277	130	51	1	3	1	32	1	13	1
223	1902	278	279	102	0	0	0	0	0	0	0	0
224	1903	279	280	374	0	0	0	0	0	0	0	0
225	1906	281	158	232	0	0	0	0	0	0	0	0
226	1909	282	283	300	0	0	0	0	0	0	0	0
227	1910	283	157	176	0	0	2	1	22	1	9	1
228	1911	284	285	443	51	1	15	2	100	2	45	2
229	1912	285	286	101	0	0	1	1	12	1	5	1
230	1921	229	287	172	0	0	0	0	0	0	0	0
231	1922	288	289	69	0	0	0	0	0	0	0	0
232	1923	290	291	40	153	3	9	3	74	3	27	3
233	1924	292	293	79	0	0	1	1	20	1	6	1
234	1928	294	295	108	0	0	2	1	28	1	10	1
235	1929	212	296	53	0	0	2	1	23	1	9	1
236	1932	297	298	633	0	0	0	0	0	0	0	0
237	1936	207	299	29	0	0	7	2	60	2	24	2
238	1944	300	301	63	0	0	2	1	26	1	8	1
239	1949	302	303	370	0	0	0	0	0	0	0	0
240	1971	237	304	309	0	0	0	0	0	0	0	0
241	1972	304	305	10	0	0	0	0	0	0	0	0
242	1974	306	307	1374	0	0	0	0	0	0	0	0
243	2003	308	309	125	51	1	7	2	53	2	22	2
244	2007	39	310	450	204	4	18	6	141	6	59	6
245	2016	311	312	26	0	0	2	1	26	1	9	1
246	2032	313	314	67	51	1	2	1	27	1	9	1
247	2033	315	316	688	51	1	2	1	28	1	9	1
248	2034	317	318	148	51	1	2	1	28	1	10	1
249	2053	321	322	130	0	0	0	0	0	0	0	0
250	2055	323	33	263	0	0	0	0	0	0	0	0
251	2056	324	323	299	0	0	0	0	0	0	0	0
252	2079	325	326	143	51	1	9	3	78	3	25	3
253	2110	327	328	41	102	2	6	2	41	2	18	2
254	2168	329	330	65	51	1	13	4	111	4	34	4
255	2177	331	332	475	0	0	2	1	23	1	10	1
256	2178	331	333	434	0	0	0	0	0	0	0	0
257	2184	334	335	82	51	1	9	3	86	3	28	3
258	2185	336	337	37	51	1	1	1	16	1	7	1
259	2198	153	338	71	0	0	0	0	0	0	0	0
260	2201	339	340	254	0	0	0	0	0	0	0	0
261	2211	341	342	90	51	1	3	1	37	1	12	1
262	2238	126	313	9	0	0	0	0	0	0	0	0
263	2242	343	227	1031	0	0	0	0	0	0	0	0
264	2251	344	345	232	0	0	0	0	0	0	0	0
265	2281	346	23	86	91	2	14	4	88	4	44	4
266	2289	47	347	720	0	0	2	1	21	1	9	1
267	2290	347	262	431	0	0	0	0	0	0	0	0
268	2291	46	348	226	0	0	2	1	23	1	9	1
269	2292	348	259	92	51	1	2	1	29	1	9	1
270	2301	349	350	199	0	0	0	0	0	0	0	0
271	2302	350	351	108	0	0	0	0	0	0	0	0
272	2303	352	256	470	327	4	27	7	174	7	83	7
273	2304	271	307	209	0	0	1	1	12	1	5	1
274	2305	307	352	67	0	0	2	1	30	1	9	1
275	2306	353	354	141	0	0	0	0	0	0	0	0
276	2307	354	355	40	0	0	0	0	0	0	0	0
277	2338	356	357	64	51	1	32	7	222	7	82	7
278	2339	358	359	43	0	0	14	3	96	3	35	3
279	2340	359	356	37	0	0	7	2	67	2	22	2
280	2341	360	361	110	142	3	19	4	121	4	61	4
281	2342	361	358	73	0	0	0	0	0	0	0	0
282	2343	362	360	157	0	0	0	0	0	0	0	0
283	2345	363	364	41	0	0	0	0	0	0	0	0
284	2346	364	365	66	0	0	0	0	0	0	0	0
285	2347	366	367	32	140	1	49	2	364	2	148	2
286	2348	367	368	34	140	1	0	0	0	0	0	0
287	2349	363	369	23	0	0	0	0	0	0	0	0
288	2350	369	366	20	0	0	2	1	30	1	10	1
289	2351	370	371	8	0	0	0	0	0	0	0	0
290	2352	371	372	46	0	0	15	3	110	3	40	3
291	2353	373	374	21	0	0	2	1	31	1	9	1
292	2354	374	6	24	0	0	18	3	113	3	53	3
293	2355	373	375	71	0	0	0	0	0	0	0	0
294	2356	375	376	80	51	1	3	1	28	1	12	1
295	2357	377	378	246	0	0	0	0	0	0	0	0
296	2358	319	284	468	0	0	0	0	0	0	0	0
297	2434	379	380	78	229	2	23	7	190	7	62	7
298	2498	380	381	122	161	2	44	12	391	12	114	12
299	2504	382	383	179	102	2	6	2	57	2	19	2
300	2571	384	386	35	0	0	6	2	51	2	21	2
301	2685	216	387	174	0	0	12	1	112	1	39	1
302	2731	388	389	95	0	0	18	5	118	5	53	5
303	2814	390	391	45	0	0	7	2	69	2	22	2
304	2858	392	393	84	51	1	1	1	23	1	6	1
305	2859	394	395	123	0	0	4	2	41	2	15	2
306	2860	396	397	103	51	1	15	1	91	1	42	1
307	2861	350	398	84	51	1	2	1	32	1	10	1
308	2862	149	399	179	0	0	2	1	31	1	9	1
309	2863	400	401	76	0	0	1	1	21	1	7	1
310	2878	151	402	136	51	1	2	1	21	1	10	1
311	2879	403	404	99	0	0	8	2	55	2	23	2
312	2881	287	405	294	0	0	2	1	21	1	9	1
313	2882	289	406	112	0	0	1	1	16	1	5	1
314	2883	289	407	176	51	1	6	2	54	2	20	2
315	2885	408	409	111	51	1	2	1	26	1	10	1
316	2886	410	411	71	51	1	3	1	32	1	13	1
317	2887	412	413	74	51	1	7	1	46	1	21	1
318	2892	414	415	83	0	0	2	1	30	1	8	1
319	2904	204	416	78	0	0	1	1	14	1	5	1
320	2911	417	418	35	0	0	1	1	15	1	5	1
321	2940	221	419	121	40	1	2	1	21	1	9	1
322	2951	420	421	119	51	1	3	1	27	1	12	1
323	2954	422	423	139	0	0	2	1	19	1	10	1
324	2957	424	425	363	51	1	2	1	27	1	10	1
325	2970	427	428	302	0	0	0	0	0	0	0	0
326	2971	427	429	281	0	0	0	0	0	0	0	0
327	2972	426	430	254	102	2	15	3	117	3	45	3
328	2976	431	175	549	0	0	1	1	18	1	5	1
329	2989	337	432	371	102	2	5	2	41	2	14	2
330	2999	338	433	220	0	0	7	1	50	1	20	1
331	3001	434	435	102	51	1	2	1	28	1	9	1
332	3002	435	436	282	0	0	2	1	32	1	10	1
333	3004	295	311	57	0	0	0	0	0	0	0	0
334	3005	296	437	88	0	0	7	1	65	1	21	1
335	3006	438	439	98	0	0	2	1	21	1	9	1
336	3007	440	438	119	0	0	0	0	0	0	0	0
337	3008	301	441	103	0	0	0	0	0	0	0	0
338	3010	147	442	68	51	1	2	1	29	1	10	1
339	3011	297	443	138	0	0	14	1	105	1	45	1
340	3012	297	444	131	0	0	0	0	0	0	0	0
341	3062	3	445	65	0	0	6	2	47	2	20	2
342	3063	233	446	98	0	0	14	1	111	1	38	1
343	3067	348	447	80	0	0	1	1	23	1	6	1
344	3068	70	448	258	0	0	1	1	15	1	5	1
345	3072	347	449	70	51	1	3	1	25	1	11	1
346	3089	331	450	39	0	0	7	3	59	3	19	3
347	3098	451	452	135	0	0	1	1	14	1	5	1
348	3101	211	453	68	0	0	2	1	28	1	10	1
349	3102	454	455	247	40	1	7	1	69	1	19	1
350	3105	456	457	56	0	0	1	1	12	1	5	1
351	3128	303	458	337	0	0	2	1	25	1	9	1
352	3129	459	460	85	51	1	2	1	32	1	10	1
353	3130	218	461	68	0	0	1	1	15	1	5	1
354	3131	215	462	167	0	0	2	1	27	1	10	1
355	3143	463	464	78	0	0	0	0	0	0	0	0
356	3151	465	466	454	0	0	2	1	30	1	10	1
357	3210	469	470	145	51	1	2	1	30	1	9	1
358	3211	470	471	32	0	0	0	0	0	0	0	0
359	3214	472	58	60	0	0	0	0	0	0	0	0
360	3215	473	472	210	0	0	2	1	25	1	10	1
361	3216	65	474	629	0	0	0	0	0	0	0	0
362	3217	474	473	163	51	1	5	2	47	2	17	2
363	3218	40	475	161	204	4	17	5	109	5	54	5
364	3219	475	476	139	51	1	2	1	24	1	9	1
365	3221	180	477	108	0	0	0	0	0	0	0	0
366	3222	477	178	29	0	0	0	0	0	0	0	0
367	3277	478	479	150	0	0	0	0	0	0	0	0
368	3278	479	480	213	178	3	13	4	81	4	38	4
369	3279	481	482	216	943	14	99	19	868	19	247	19
370	3280	482	463	237	935	12	86	18	735	18	231	18
371	3281	483	484	126	0	0	54	2	474	2	161	2
372	3282	484	485	50	0	0	0	0	0	0	0	0
373	3300	486	487	180	0	0	2	1	28	1	9	1
374	3309	488	489	287	51	1	2	1	28	1	10	1
375	3310	490	491	310	0	0	2	1	22	1	10	1
376	3311	492	493	176	51	1	2	1	29	1	9	1
377	3312	494	495	140	0	0	3	1	28	1	12	1
378	3315	496	497	163	0	0	2	1	31	1	9	1
379	3358	498	499	171	0	0	7	1	47	1	22	1
380	3389	500	501	174	0	0	2	1	22	1	9	1
381	3391	502	241	32	0	0	0	0	0	0	0	0
382	3392	241	500	170	0	0	0	0	0	0	0	0
383	3423	466	503	84	0	0	2	1	31	1	8	1
384	3424	470	504	96	51	1	3	1	30	1	12	1
385	3515	464	505	127	756	12	133	27	1062	27	329	27
386	3516	506	507	138	280	1	178	6	1339	6	485	6
387	3641	511	512	240	0	0	6	2	56	2	20	2
388	3648	511	513	72	0	0	0	0	0	0	0	0
389	3653	514	306	232	0	0	0	0	0	0	0	0
390	3654	92	392	60	0	0	0	0	0	0	0	0
391	3655	392	90	347	51	1	7	2	62	2	23	2
392	3656	515	516	132	51	1	2	1	28	1	9	1
393	3657	517	518	541	102	2	6	2	47	2	18	2
394	3658	519	396	445	51	1	6	2	63	2	21	2
395	3659	396	195	422	0	0	0	0	0	0	0	0
396	3660	351	394	734	0	0	0	0	0	0	0	0
397	3661	394	196	335	0	0	2	1	30	1	10	1
398	3662	148	410	456	0	0	0	0	0	0	0	0
399	3663	410	189	27	0	0	0	0	0	0	0	0
400	3664	520	188	485	51	1	3	1	41	1	12	1
401	3665	189	521	609	191	2	6	2	57	2	21	2
402	3666	521	408	280	51	1	2	1	30	1	9	1
403	3669	523	524	95	0	0	0	0	0	0	0	0
404	3670	524	525	43	0	0	1	1	12	1	5	1
405	3671	108	292	434	51	1	6	2	46	2	19	2
406	3673	526	414	302	0	0	2	1	25	1	9	1
407	3674	414	527	68	40	1	2	1	26	1	9	1
408	3675	528	529	303	0	0	0	0	0	0	0	0
409	3676	529	530	72	0	0	0	0	0	0	0	0
410	3677	531	532	694	0	0	7	1	58	1	19	1
411	3678	532	533	7	0	0	0	0	0	0	0	0
412	3679	534	94	1233	335	7	43	9	242	9	123	9
413	3740	279	535	64	0	0	2	1	31	1	10	1
414	3741	285	536	136	0	0	2	1	29	1	9	1
415	3742	283	537	98	0	0	2	1	24	1	10	1
416	3748	323	538	212	51	1	2	1	30	1	9	1
417	3749	475	539	73	51	1	2	1	20	1	10	1
418	3811	346	540	90	0	0	6	2	59	2	22	2
419	3812	321	541	86	51	1	2	1	26	1	10	1
420	3822	309	542	64	0	0	2	1	30	1	10	1
421	3872	529	543	84	0	0	1	1	22	1	7	1
422	3873	544	545	64	51	1	3	1	31	1	12	1
423	3875	157	546	76	0	0	2	1	26	1	10	1
424	3876	281	547	111	0	0	2	1	27	1	9	1
425	3877	340	548	93	0	0	2	1	26	1	10	1
426	3880	549	550	97	0	0	2	1	27	1	9	1
427	3882	551	552	126	51	1	6	2	60	2	22	2
428	3883	553	554	60	0	0	1	1	17	1	5	1
429	3884	306	555	33	0	0	3	1	34	1	12	1
430	3885	305	556	104	0	0	3	1	40	1	11	1
431	3886	304	557	75	0	0	1	1	17	1	6	1
432	3887	521	558	302	0	0	2	1	29	1	9	1
433	3888	293	523	185	0	0	0	0	0	0	0	0
434	3889	559	560	99	51	1	2	1	21	1	10	1
435	3890	561	562	80	51	1	3	1	27	1	13	1
436	3976	320	563	103	0	0	0	0	0	0	0	0
437	3983	564	478	28	0	0	0	0	0	0	0	0
438	3984	478	565	26	0	0	0	0	0	0	0	0
439	3986	77	566	117	0	0	2	1	30	1	9	1
440	4022	567	564	28	0	0	0	0	0	0	0	0
441	4157	568	569	47	59	2	15	3	126	3	44	3
442	4158	568	570	46	40	1	3	1	25	1	12	1
443	4159	571	568	82	70	2	15	4	130	4	40	4
444	4160	571	572	45	59	2	9	3	76	3	26	3
445	4161	573	571	44	51	1	10	3	88	3	33	3
446	4162	372	574	134	0	0	14	4	124	4	45	4
447	4163	208	575	165	51	1	27	8	160	8	73	8
448	4165	366	574	40	0	0	2	1	23	1	10	1
449	4193	485	68	80	0	0	0	0	0	0	0	0
450	4194	485	576	59	0	0	29	2	244	2	84	2
451	4195	576	564	191	0	0	0	0	0	0	0	0
452	4204	567	1	228	0	0	0	0	0	0	0	0
453	4241	577	578	794	0	0	0	0	0	0	0	0
454	4242	579	577	253	51	1	2	1	22	1	9	1
455	4291	573	580	171	0	0	3	1	36	1	11	1
456	4298	581	582	34	0	0	0	0	0	0	0	0
457	4361	583	268	52	0	0	6	2	43	2	19	2
458	4362	584	585	83	191	2	29	2	219	2	80	2
459	4366	586	587	74	102	2	9	3	56	3	27	3
460	4375	588	589	257	0	0	0	0	0	0	0	0
461	4469	590	591	130	0	0	0	0	0	0	0	0
462	4470	591	592	235	0	0	5	2	44	2	16	2
463	4550	435	593	73	0	0	0	0	0	0	0	0
464	4551	593	434	46	0	0	0	0	0	0	0	0
465	4552	434	424	170	0	0	0	0	0	0	0	0
466	4553	420	111	320	0	0	0	0	0	0	0	0
467	4554	420	422	268	0	0	0	0	0	0	0	0
468	4556	174	118	47	0	0	2	1	30	1	10	1
469	4557	594	549	860	357	7	40	12	236	12	116	12
470	4558	549	595	137	193	4	11	4	80	4	34	4
471	4559	595	596	657	51	1	2	1	31	1	10	1
472	4560	595	597	216	0	0	0	0	0	0	0	0
473	4561	597	417	274	0	0	0	0	0	0	0	0
474	4562	417	343	105	0	0	0	0	0	0	0	0
475	4563	343	598	198	0	0	0	0	0	0	0	0
476	4564	599	147	450	0	0	0	0	0	0	0	0
477	4566	600	553	60	0	0	0	0	0	0	0	0
478	4567	553	601	86	0	0	0	0	0	0	0	0
479	4569	332	333	256	51	1	2	1	32	1	10	1
480	4570	274	332	174	0	0	0	0	0	0	0	0
481	4571	11	269	319	51	1	10	3	80	3	30	3
482	4572	602	603	18	0	0	0	0	0	0	0	0
483	4573	269	274	120	0	0	0	0	0	0	0	0
484	4574	603	604	42	0	0	2	1	30	1	10	1
485	4575	7	605	110	0	0	23	4	149	4	68	4
486	4576	605	606	4	0	0	0	0	0	0	0	0
487	4580	607	608	55	51	1	7	1	49	1	22	1
488	4581	609	607	82	0	0	14	2	87	2	46	2
489	4582	610	609	41	51	1	2	1	25	1	9	1
490	4583	609	611	34	0	0	0	0	0	0	0	0
491	4585	544	610	112	51	1	2	1	29	1	9	1
492	4586	403	612	244	0	0	0	0	0	0	0	0
493	4587	74	403	157	0	0	0	0	0	0	0	0
494	4588	74	400	425	0	0	0	0	0	0	0	0
495	4589	400	613	496	51	1	2	1	27	1	9	1
496	4590	613	561	267	51	1	2	1	27	1	9	1
497	4591	87	98	792	51	1	5	2	32	2	15	2
498	4596	614	615	149	0	0	31	6	185	6	89	6
499	4597	615	616	83	91	2	21	6	146	6	57	6
500	4612	617	607	45	0	0	0	0	0	0	0	0
501	4613	618	619	190	102	2	7	2	52	2	22	2
502	4614	619	620	30	0	0	0	0	0	0	0	0
503	4615	621	559	126	0	0	0	0	0	0	0	0
504	4616	559	622	526	0	0	0	0	0	0	0	0
505	4647	310	623	212	51	1	2	1	25	1	8	1
506	4648	473	624	92	51	1	2	1	20	1	9	1
507	4649	625	626	56	51	1	2	1	28	1	9	1
508	4651	272	627	80	51	1	2	1	25	1	9	1
509	4652	628	183	141	0	0	0	0	0	0	0	0
510	4654	40	629	66	51	1	2	1	29	1	10	1
511	4655	472	630	114	51	1	7	1	61	1	22	1
512	4656	345	631	1042	0	0	12	4	80	4	37	4
513	4657	477	632	56	51	1	2	1	22	1	8	1
514	4681	474	633	86	51	1	3	1	25	1	12	1
515	4682	64	634	63	51	1	11	2	72	2	31	2
516	4683	67	635	125	51	1	2	1	20	1	10	1
517	4684	353	636	169	51	1	2	1	31	1	10	1
518	4685	354	637	74	51	1	2	1	23	1	10	1
519	4687	638	639	87	0	0	3	2	37	2	11	2
520	4936	471	641	99	0	0	2	1	32	1	9	1
521	4942	642	643	739	51	1	5	2	50	2	15	2
522	4943	643	644	291	51	1	2	1	24	1	9	1
523	4944	643	645	67	0	0	0	0	0	0	0	0
524	4945	645	261	199	0	0	0	0	0	0	0	0
525	4946	646	645	159	51	1	1	1	11	1	5	1
526	4947	647	648	102	0	0	0	0	0	0	0	0
527	4948	648	649	83	0	0	0	0	0	0	0	0
528	4949	650	648	117	51	1	2	1	28	1	10	1
529	4988	651	652	783	0	0	0	0	0	0	0	0
530	5001	355	82	255	0	0	0	0	0	0	0	0
531	5002	355	653	111	51	1	7	1	50	1	23	1
532	5003	353	654	502	51	1	2	1	31	1	9	1
533	5004	654	655	69	0	0	3	1	32	1	11	1
534	5030	649	4	648	102	2	7	2	56	2	24	2
535	5092	563	34	600	0	0	0	0	0	0	0	0
536	5093	284	656	251	0	0	0	0	0	0	0	0
537	5094	656	280	334	51	1	6	2	42	2	20	2
538	5095	280	282	335	0	0	0	0	0	0	0	0
539	5098	657	378	160	0	0	0	0	0	0	0	0
540	5108	658	528	231	0	0	0	0	0	0	0	0
541	5109	659	496	740	0	0	0	0	0	0	0	0
542	5110	496	658	6	0	0	0	0	0	0	0	0
543	5119	652	660	385	0	0	3	2	36	2	11	2
544	5120	566	661	114	0	0	0	0	0	0	0	0
545	5165	662	663	107	0	0	2	1	23	1	10	1
546	5173	664	665	393	0	0	7	1	45	1	21	1
547	5187	666	667	253	0	0	2	1	25	1	10	1
548	5188	308	668	82	40	1	2	1	26	1	9	1
549	5189	669	670	629	51	1	14	1	98	1	37	1
550	5200	566	671	102	51	1	6	2	63	2	22	2
551	5201	651	672	112	51	1	2	1	21	1	10	1
552	5203	673	661	348	0	0	2	1	22	1	8	1
553	5283	674	675	343	0	0	0	0	0	0	0	0
554	5285	676	677	124	0	0	11	3	89	3	39	3
555	5286	678	679	52	0	0	7	2	48	2	25	2
556	5287	674	677	468	0	0	0	0	0	0	0	0
557	5288	677	679	158	0	0	0	0	0	0	0	0
558	5289	267	680	170	0	0	0	0	0	0	0	0
559	5290	267	681	27	0	0	0	0	0	0	0	0
560	5502	60	476	136	80	2	10	3	64	3	28	3
561	5680	682	683	50	59	1	7	2	51	2	21	2
562	5681	683	684	58	0	0	6	2	42	2	20	2
563	5682	684	685	88	0	0	11	4	100	4	35	4
564	5915	219	686	163	0	0	2	1	21	1	10	1
565	5916	687	688	260	51	1	22	6	180	6	62	6
566	5961	689	13	32	0	0	2	1	26	1	10	1
567	5969	690	691	161	0	0	6	2	59	2	19	2
568	6000	692	693	67	0	0	2	1	29	1	9	1
569	6002	694	695	25	0	0	2	1	29	1	10	1
570	6018	696	697	14	140	4	22	6	181	6	64	6
571	6020	698	412	281	0	0	0	0	0	0	0	0
572	6024	699	700	37	29	1	21	7	200	7	66	7
573	6025	699	701	16	0	0	2	1	29	1	9	1
574	6026	131	510	227	0	0	0	0	0	0	0	0
575	6039	702	686	174	0	0	2	1	31	1	9	1
576	6040	703	214	109	0	0	1	1	13	1	5	1
577	6049	688	513	74	0	0	10	3	69	3	31	3
578	6050	216	300	51	140	1	2	1	29	1	10	1
579	6054	214	686	6	0	0	0	0	0	0	0	0
580	6056	704	705	36	0	0	10	3	98	3	32	3
581	6057	706	707	286	0	0	9	3	69	3	23	3
582	6058	708	696	28	0	0	6	2	46	2	21	2
583	6060	581	709	36	0	0	14	4	127	4	41	4
584	6061	710	581	20	0	0	2	1	21	1	10	1
585	6062	711	712	9	0	0	0	0	0	0	0	0
586	6063	713	714	276	0	0	0	0	0	0	0	0
587	6072	715	716	572	40	1	7	3	61	3	22	3
588	6082	14	717	31	0	0	6	2	48	2	21	2
589	6083	15	718	42	59	1	6	2	53	2	20	2
590	6116	702	719	227	0	0	0	0	0	0	0	0
591	6125	601	720	119	0	0	2	1	21	1	9	1
592	6143	522	721	357	0	0	2	1	28	1	9	1
593	6144	722	706	107	0	0	17	4	128	4	52	4
594	6145	706	723	80	0	0	0	0	0	0	0	0
595	6146	723	724	371	51	1	5	2	48	2	14	2
596	6147	725	722	3	0	0	0	0	0	0	0	0
597	6148	725	726	38	51	1	6	2	61	2	20	2
598	6149	727	704	31	0	0	2	1	20	1	10	1
599	6150	704	728	150	121	3	38	11	291	11	111	11
600	6151	600	729	41	0	0	0	0	0	0	0	0
601	6152	729	362	119	0	0	0	0	0	0	0	0
602	6153	729	730	69	51	1	26	5	198	5	83	5
603	6154	720	731	348	0	0	0	0	0	0	0	0
604	6166	732	733	32	0	0	10	3	60	3	28	3
605	6167	734	733	36	0	0	0	0	0	0	0	0
606	6168	732	734	26	0	0	3	1	38	1	11	1
607	6170	735	736	20	0	0	1	1	19	1	7	1
608	6171	736	737	783	102	2	28	7	211	7	79	7
609	6183	687	738	29	0	0	2	1	26	1	10	1
610	6186	522	711	126	0	0	5	2	49	2	17	2
611	6198	35	739	544	0	0	0	0	0	0	0	0
612	6199	740	727	79	29	1	18	5	166	5	51	5
613	6200	741	292	173	51	1	6	2	49	2	22	2
614	6201	742	743	165	0	0	1	1	14	1	5	1
615	6205	695	744	24	81	1	10	3	73	3	28	3
616	6212	733	745	254	0	0	6	2	43	2	19	2
617	6213	745	746	201	0	0	1	1	12	1	4	1
618	6222	747	732	93	0	0	2	1	32	1	10	1
619	6223	748	747	125	0	0	0	0	0	0	0	0
620	6224	372	749	11	0	0	0	0	0	0	0	0
621	6240	750	206	373	0	0	2	1	29	1	10	1
622	6241	750	454	238	0	0	0	0	0	0	0	0
623	6275	739	751	55	0	0	2	1	25	1	9	1
624	6291	690	454	93	0	0	0	0	0	0	0	0
625	6353	735	752	24	51	1	3	1	38	1	12	1
626	6354	752	132	120	51	1	9	3	83	3	25	3
627	6355	752	736	29	0	0	0	0	0	0	0	0
628	6356	753	735	41	51	1	2	1	23	1	8	1
629	6414	329	32	151	125	2	16	5	150	5	49	5
630	6540	754	578	133	0	0	2	1	29	1	10	1
631	6541	755	281	860	0	0	0	0	0	0	0	0
632	6619	756	329	8	0	0	0	0	0	0	0	0
633	6622	754	533	29	0	0	0	0	0	0	0	0
634	6623	675	753	273	102	2	14	4	96	4	48	4
635	6652	26	667	49	0	0	0	0	0	0	0	0
636	6653	667	308	809	51	1	27	7	194	7	82	7
637	6654	286	669	113	0	0	0	0	0	0	0	0
638	6655	669	665	652	51	1	6	2	40	2	22	2
639	6672	757	758	142	0	0	2	1	25	1	10	1
640	6673	278	759	259	0	0	2	1	28	1	9	1
641	6674	760	761	169	0	0	2	1	30	1	10	1
642	6675	762	763	151	0	0	2	1	23	1	9	1
643	6676	764	579	98	0	0	1	1	14	1	5	1
644	6677	765	766	98	0	0	3	1	40	1	12	1
645	6678	767	768	169	0	0	2	1	32	1	9	1
646	6680	769	770	292	0	0	2	1	26	1	9	1
647	6688	771	772	171	0	0	2	1	29	1	8	1
648	6700	284	773	290	0	0	2	1	31	1	9	1
649	6701	320	774	219	0	0	1	1	18	1	5	1
650	6702	563	775	184	0	0	2	1	29	1	10	1
651	6703	656	776	313	51	1	2	1	28	1	9	1
652	6704	282	777	215	0	0	2	1	24	1	10	1
653	6714	658	778	129	0	0	1	1	20	1	6	1
654	6741	779	780	421	0	0	0	0	0	0	0	0
655	6742	779	781	556	0	0	2	1	31	1	9	1
656	6743	661	780	64	0	0	0	0	0	0	0	0
657	6754	782	34	453	0	0	6	2	60	2	20	2
658	6796	681	584	213	0	0	18	5	156	5	52	5
659	6807	783	767	515	0	0	10	3	69	3	28	3
660	6808	755	534	381	0	0	0	0	0	0	0	0
661	6816	784	785	421	0	0	6	2	59	2	20	2
662	6911	34	25	435	0	0	0	0	0	0	0	0
663	6912	25	324	183	0	0	0	0	0	0	0	0
664	6923	657	339	237	0	0	2	1	19	1	10	1
665	6924	782	659	414	0	0	14	4	110	4	38	4
666	6925	786	755	155	0	0	0	0	0	0	0	0
667	6940	787	544	2120	0	0	0	0	0	0	0	0
668	7029	582	788	40	0	0	16	4	147	4	47	4
669	7058	789	790	80	0	0	1	1	12	1	5	1
670	7100	119	791	91	233	5	18	5	133	5	51	5
671	7101	791	792	39	204	4	23	6	180	6	65	6
672	7113	793	794	442	0	0	2	1	32	1	9	1
673	7114	793	795	197	0	0	49	2	439	2	137	2
674	7115	786	787	480	51	1	2	1	26	1	9	1
675	7126	358	796	62	102	2	19	4	162	4	52	4
676	7143	797	798	55	0	0	0	0	0	0	0	0
677	7144	799	797	57	0	0	0	0	0	0	0	0
678	7145	800	801	38	0	0	2	1	25	1	10	1
679	7150	800	682	100	59	1	22	6	122	6	66	6
680	7153	798	801	9	0	0	0	0	0	0	0	0
681	7154	799	798	18	0	0	0	0	0	0	0	0
682	7193	802	803	75	0	0	1	1	15	1	6	1
683	7194	802	804	120	155	3	19	4	120	4	56	4
684	7195	252	325	29	51	1	10	2	75	2	30	2
685	7196	325	244	71	51	1	6	2	60	2	18	2
686	7206	805	806	166	51	1	22	4	198	4	66	4
687	7207	294	805	9	0	0	0	0	0	0	0	0
688	7208	805	807	31	0	0	0	0	0	0	0	0
689	7216	793	511	267	0	0	0	0	0	0	0	0
690	7259	808	809	391	0	0	2	1	31	1	9	1
691	7265	155	810	1020	0	0	1	1	16	1	5	1
692	7294	811	809	332	0	0	0	0	0	0	0	0
693	7315	308	268	109	0	0	6	2	49	2	20	2
694	7318	378	33	63	0	0	0	0	0	0	0	0
695	7339	239	586	29	102	2	10	3	66	3	30	3
696	7340	586	100	33	51	1	2	1	20	1	10	1
697	7373	737	812	241	0	0	0	0	0	0	0	0
698	7374	316	812	570	0	0	0	0	0	0	0	0
699	7375	812	813	1249	0	0	3	1	25	1	13	1
700	7385	499	651	84	0	0	0	0	0	0	0	0
701	7386	780	499	94	0	0	0	0	0	0	0	0
702	7392	126	814	199	51	1	2	1	24	1	10	1
703	7425	815	388	178	51	1	71	12	396	12	215	12
704	7426	388	12	8	0	0	0	0	0	0	0	0
705	7427	7	390	34	0	0	2	1	23	1	10	1
706	7428	390	208	38	0	0	10	3	71	3	33	3
707	7460	1	476	9	0	0	0	0	0	0	0	0
708	7461	506	463	19	0	0	0	0	0	0	0	0
709	7474	490	459	118	0	0	0	0	0	0	0	0
710	7475	459	302	370	0	0	2	1	21	1	10	1
711	7477	107	342	9	0	0	0	0	0	0	0	0
712	7478	342	108	305	51	1	2	1	19	1	9	1
713	7479	104	317	342	136	2	14	4	120	4	41	4
714	7634	816	159	395	0	0	6	2	63	2	21	2
715	7872	817	642	234	0	0	2	1	27	1	10	1
716	7886	167	261	341	51	1	2	1	21	1	10	1
717	8161	818	819	145	0	0	1	1	14	1	5	1
718	8162	820	821	261	29	1	6	2	49	2	19	2
719	8169	816	822	435	102	2	11	3	91	3	30	3
720	8170	822	823	264	51	1	6	2	49	2	19	2
721	8171	822	824	420	51	1	1	1	18	1	4	1
722	8190	19	386	32	0	0	0	0	0	0	0	0
723	8191	681	784	96	0	0	2	1	20	1	10	1
724	8192	680	319	46	0	0	0	0	0	0	0	0
725	8222	679	785	47	0	0	0	0	0	0	0	0
726	8223	785	680	534	0	0	0	0	0	0	0	0
727	8232	784	825	73	140	1	43	2	280	2	112	2
728	8233	826	827	297	0	0	2	1	31	1	9	1
729	8348	316	55	159	161	4	14	4	119	4	44	4
730	8369	828	829	82	29	1	17	5	155	5	52	5
731	8370	829	830	13	0	0	0	0	0	0	0	0
732	8371	830	831	134	0	0	10	3	99	3	30	3
733	8372	831	811	762	0	0	0	0	0	0	0	0
734	8373	832	833	87	40	1	6	2	58	2	20	2
735	8374	834	835	704	51	1	13	4	85	4	38	4
736	8375	208	836	67	0	0	0	0	0	0	0	0
737	8376	836	203	258	0	0	0	0	0	0	0	0
738	8377	8	837	55	0	0	2	1	25	1	10	1
739	8378	837	838	25	0	0	2	1	30	1	9	1
740	8379	839	129	135	0	0	2	1	23	1	9	1
741	8380	840	841	57	59	1	17	5	116	5	46	5
742	8381	841	842	40	0	0	6	2	45	2	21	2
743	8382	842	843	35	0	0	0	0	0	0	0	0
744	8383	843	844	57	59	1	18	5	126	5	46	5
745	8384	845	846	72	0	0	2	1	21	1	10	1
746	8385	846	847	75	0	0	0	0	0	0	0	0
747	8405	684	848	122	238	4	57	15	504	15	166	15
748	8490	794	849	115	0	0	17	5	143	5	47	5
749	8493	683	850	55	59	1	25	7	178	7	64	7
750	8496	851	852	14	0	0	2	1	23	1	10	1
751	8497	852	853	8	0	0	2	1	32	1	10	1
752	8513	854	855	12	81	1	6	2	55	2	19	2
753	8514	855	846	42	0	0	10	3	90	3	32	3
754	8515	846	856	34	0	0	11	2	66	2	29	2
755	8516	847	857	34	0	0	14	4	122	4	37	4
756	8531	818	820	31	0	0	0	0	0	0	0	0
757	8532	820	649	144	0	0	0	0	0	0	0	0
758	8566	741	858	129	0	0	2	1	29	1	9	1
759	8567	859	412	124	0	0	0	0	0	0	0	0
760	8568	186	742	429	0	0	0	0	0	0	0	0
761	8569	808	860	47	0	0	0	0	0	0	0	0
762	8570	859	861	497	0	0	0	0	0	0	0	0
763	8572	2	862	77	0	0	3	1	35	1	13	1
764	8573	862	573	109	0	0	2	1	28	1	10	1
765	8574	863	832	93	142	3	37	7	279	7	111	7
766	8575	828	725	31	0	0	14	4	89	4	45	4
767	8582	833	864	89	0	0	3	1	29	1	13	1
768	8583	864	865	82	0	0	0	0	0	0	0	0
769	8584	865	590	32	0	0	2	1	20	1	9	1
770	8585	590	17	841	0	0	0	0	0	0	0	0
771	8586	866	867	87	0	0	21	6	121	6	65	6
772	8587	867	710	183	110	3	61	15	498	15	174	15
773	8588	867	708	92	0	0	21	6	152	6	56	6
774	8589	365	866	49	0	0	14	4	113	4	44	4
775	8590	866	862	318	191	5	95	23	605	23	250	23
776	8591	868	370	29	0	0	0	0	0	0	0	0
777	8592	749	815	61	163	1	46	5	319	5	136	5
778	8593	869	740	134	102	2	51	12	404	12	142	12
779	8594	364	727	160	129	4	45	12	255	12	135	12
780	8595	701	870	32	0	0	2	1	24	1	9	1
781	8596	370	871	61	29	1	18	5	161	5	52	5
782	8597	863	699	79	80	2	35	4	217	4	106	4
783	8598	865	872	168	339	7	54	14	343	14	155	14
784	8599	864	873	125	40	1	47	13	358	13	140	13
785	8600	833	874	119	29	1	51	12	303	12	124	12
786	8601	875	551	231	80	2	30	8	257	8	80	8
787	8602	876	830	78	0	0	0	0	0	0	0	0
788	8603	831	876	166	0	0	2	1	29	1	9	1
789	8604	876	722	100	51	1	17	5	146	5	44	5
790	8605	749	829	134	51	1	35	10	333	10	97	10
791	8608	811	858	700	0	0	0	0	0	0	0	0
792	8609	716	877	287	0	0	0	0	0	0	0	0
793	8610	877	614	489	0	0	0	0	0	0	0	0
794	8611	614	373	54	0	0	9	3	63	3	26	3
795	8612	298	878	215	0	0	0	0	0	0	0	0
796	8613	298	877	742	0	0	0	0	0	0	0	0
797	8614	616	11	138	0	0	20	6	149	6	57	6
798	8615	863	868	22	40	1	33	2	259	2	99	2
799	8620	838	602	41	40	1	2	1	23	1	10	1
800	8621	604	879	5	0	0	0	0	0	0	0	0
801	8622	879	606	28	0	0	6	2	42	2	21	2
802	8623	206	836	31	0	0	0	0	0	0	0	0
803	8624	879	880	81	102	2	18	5	111	5	55	5
804	8625	604	881	41	0	0	10	3	86	3	32	3
805	8626	602	882	80	51	1	16	5	156	5	47	5
806	8627	838	883	41	102	2	22	3	188	3	57	3
807	8628	837	884	80	0	0	19	5	141	5	57	5
808	8629	9	885	68	91	2	23	6	179	6	60	6
809	8630	714	456	567	0	0	1	1	18	1	5	1
810	8631	580	713	258	0	0	0	0	0	0	0	0
811	8632	713	886	5	0	0	0	0	0	0	0	0
812	8633	360	887	60	0	0	2	1	29	1	10	1
813	8634	690	888	521	0	0	0	0	0	0	0	0
814	8638	844	889	35	140	2	13	4	83	4	40	4
815	8639	890	843	34	0	0	11	3	108	3	32	3
816	8640	841	891	36	59	1	7	2	52	2	25	2
817	8641	892	840	36	0	0	10	3	77	3	29	3
818	8643	747	893	46	0	0	5	2	34	2	18	2
819	8654	129	894	93	59	1	28	5	245	5	79	5
820	8655	856	895	38	81	1	15	4	134	4	40	4
821	8656	855	852	36	0	0	0	0	0	0	0	0
822	8658	748	896	140	0	0	2	1	28	1	9	1
823	8659	896	897	34	0	0	0	0	0	0	0	0
824	8660	897	845	152	0	0	0	0	0	0	0	0
825	8662	509	748	54	0	0	0	0	0	0	0	0
826	8669	510	692	110	0	0	0	0	0	0	0	0
827	8670	896	842	70	0	0	0	0	0	0	0	0
828	8671	842	898	76	0	0	6	2	63	2	19	2
829	8672	898	379	75	0	0	2	1	22	1	10	1
830	8673	899	900	29	0	0	0	0	0	0	0	0
831	8674	900	901	46	0	0	24	7	232	7	77	7
832	8675	902	379	96	183	2	36	10	217	10	103	10
833	8676	903	898	97	280	4	27	8	215	8	88	8
834	8677	898	904	91	238	4	31	9	212	9	92	9
835	8679	839	905	53	0	0	0	0	0	0	0	0
836	8680	905	906	96	0	0	48	2	330	2	140	2
837	8682	131	906	200	0	0	13	2	122	2	38	2
838	8683	746	839	88	0	0	0	0	0	0	0	0
839	8684	907	897	21	0	0	0	0	0	0	0	0
840	8685	907	908	99	59	1	26	4	213	4	70	4
841	8700	909	847	52	140	2	10	3	89	3	33	3
842	8704	685	910	72	0	0	2	1	31	1	9	1
843	8718	365	362	71	0	0	0	0	0	0	0	0
844	8720	868	911	105	0	0	6	2	52	2	20	2
845	8721	911	363	36	0	0	0	0	0	0	0	0
846	8722	600	912	71	163	1	30	1	223	1	76	1
847	8723	682	14	75	0	0	0	0	0	0	0	0
848	8730	849	913	831	119	2	19	6	159	6	54	6
849	8731	913	797	108	0	0	15	3	117	3	38	3
850	8733	899	914	35	0	0	2	1	25	1	9	1
851	8734	914	915	22	119	2	18	5	155	5	51	5
852	8735	900	916	34	0	0	0	0	0	0	0	0
853	8746	917	807	100	0	0	14	1	116	1	44	1
854	8747	917	227	1905	0	0	0	0	0	0	0	0
855	8748	918	919	36	51	1	1	1	16	1	7	1
856	8749	920	919	78	0	0	6	2	49	2	19	2
857	8780	921	212	126	0	0	21	6	173	6	66	6
858	8781	807	687	72	0	0	15	3	144	3	49	3
859	8788	861	922	167	0	0	0	0	0	0	0	0
860	8789	523	923	20	0	0	1	1	16	1	5	1
861	8811	738	438	24	0	0	2	1	31	1	9	1
862	8816	687	921	65	0	0	2	1	32	1	9	1
863	8825	815	828	17	0	0	0	0	0	0	0	0
864	8826	924	888	189	0	0	2	1	20	1	10	1
865	8827	925	924	286	0	0	2	1	27	1	9	1
866	8828	210	732	344	59	1	41	11	250	11	109	11
867	8829	926	210	58	0	0	2	1	27	1	9	1
868	8833	918	921	55	0	0	2	1	23	1	9	1
869	8847	376	927	57	102	2	18	5	116	5	56	5
870	8848	10	376	103	0	0	2	1	27	1	10	1
871	8854	928	490	105	0	0	0	0	0	0	0	0
872	8855	441	929	74	51	1	12	1	107	1	37	1
873	8887	930	849	71	0	0	14	1	85	1	40	1
874	8901	832	931	88	59	2	21	6	122	6	62	6
875	8902	931	875	51	70	2	16	4	101	4	47	4
876	8913	847	932	41	0	0	2	1	28	1	9	1
877	8914	932	899	2	0	0	0	0	0	0	0	0
878	8925	916	933	18	0	0	6	2	50	2	21	2
879	8934	743	859	94	0	0	0	0	0	0	0	0
880	8939	860	741	232	0	0	0	0	0	0	0	0
881	8940	721	934	238	0	0	0	0	0	0	0	0
882	8971	300	294	156	51	1	17	5	135	5	50	5
883	8976	935	936	72	0	0	1	1	15	1	5	1
884	8979	32	660	37	0	0	0	0	0	0	0	0
885	8984	860	524	190	0	0	0	0	0	0	0	0
886	8985	922	937	97	0	0	1	1	14	1	5	1
887	8986	934	592	114	0	0	0	0	0	0	0	0
888	8987	934	938	337	0	0	2	1	26	1	10	1
889	8988	731	939	47	0	0	3	1	40	1	13	1
890	8989	724	810	82	0	0	0	0	0	0	0	0
891	8990	810	940	225	51	1	2	1	28	1	10	1
892	8991	809	941	400	0	0	6	2	41	2	22	2
893	8992	712	942	124	0	0	5	2	41	2	15	2
894	8993	165	943	241	29	1	2	1	20	1	10	1
895	8994	943	944	172	51	1	2	1	20	1	8	1
896	8995	861	945	188	0	0	1	1	15	1	5	1
897	8996	205	936	640	40	1	15	3	97	3	41	3
898	8997	205	946	394	0	0	1	1	18	1	5	1
899	8998	886	947	194	0	0	0	0	0	0	0	0
900	8999	947	948	452	0	0	2	1	24	1	8	1
901	9000	947	949	158	0	0	2	1	32	1	10	1
902	9001	451	950	189	0	0	1	1	12	1	5	1
903	9002	333	951	619	0	0	0	0	0	0	0	0
904	9003	951	887	213	0	0	0	0	0	0	0	0
905	9004	951	952	194	51	1	2	1	23	1	9	1
906	9005	444	953	16	0	0	2	1	31	1	8	1
907	9006	616	954	53	0	0	2	1	25	1	9	1
908	9007	954	835	900	51	1	40	5	288	5	118	5
909	9008	954	955	71	0	0	2	1	26	1	10	1
910	9009	440	956	38	0	0	3	1	26	1	13	1
911	9010	439	957	25	0	0	2	1	19	1	8	1
912	9015	888	958	93	0	0	1	1	18	1	4	1
913	9016	734	924	55	0	0	0	0	0	0	0	0
914	9021	878	959	595	0	0	3	1	27	1	13	1
915	9022	959	960	343	0	0	2	1	23	1	10	1
916	9024	715	961	77	0	0	7	1	52	1	21	1
917	9025	691	962	462	51	1	2	1	23	1	9	1
918	9044	117	928	214	0	0	0	0	0	0	0	0
919	9045	928	963	402	0	0	1	1	23	1	7	1
920	9046	302	217	155	0	0	0	0	0	0	0	0
921	9047	217	964	171	0	0	1	1	14	1	5	1
922	9048	719	965	178	0	0	2	1	24	1	10	1
923	9138	743	966	259	0	0	13	1	107	1	38	1
924	9139	943	751	107	0	0	3	1	33	1	13	1
925	9140	875	739	458	70	2	42	6	296	6	110	6
926	9141	959	213	96	0	0	0	0	0	0	0	0
927	9143	719	967	90	0	0	2	1	21	1	9	1
928	9147	886	968	69	0	0	0	0	0	0	0	0
929	9148	968	451	30	0	0	0	0	0	0	0	0
930	9149	969	968	85	0	0	1	1	18	1	5	1
931	9152	17	698	241	0	0	2	1	32	1	9	1
932	9292	970	422	250	51	1	6	2	61	2	20	2
933	9312	782	971	96	0	0	0	0	0	0	0	0
934	9313	324	803	23	0	0	0	0	0	0	0	0
935	9314	803	30	125	51	1	9	3	86	3	33	3
936	9315	30	28	22	0	0	0	0	0	0	0	0
937	9316	28	27	29	0	0	0	0	0	0	0	0
938	9317	27	386	26	0	0	0	0	0	0	0	0
939	9318	19	322	151	51	1	9	3	77	3	24	3
940	9319	782	760	723	0	0	0	0	0	0	0	0
941	9320	659	377	197	0	0	0	0	0	0	0	0
942	9321	971	531	1166	51	1	26	4	241	4	72	4
943	9416	530	972	248	0	0	2	1	30	1	9	1
944	9417	527	528	518	51	1	30	1	213	1	77	1
945	9418	973	527	851	0	0	3	1	41	1	13	1
946	9419	533	786	106	0	0	15	2	102	2	40	2
947	9448	769	662	103	0	0	2	1	25	1	10	1
948	9449	662	377	93	0	0	0	0	0	0	0	0
949	9455	665	753	9	0	0	0	0	0	0	0	0
950	9479	757	278	114	0	0	0	0	0	0	0	0
951	9481	760	757	152	0	0	2	1	32	1	9	1
952	9482	280	762	176	51	1	1	1	18	1	5	1
953	9483	762	579	160	0	0	0	0	0	0	0	0
954	9484	767	765	110	0	0	0	0	0	0	0	0
955	9486	765	769	238	0	0	7	1	62	1	20	1
956	9492	528	771	475	0	0	0	0	0	0	0	0
957	9493	771	531	702	136	2	24	5	139	5	67	5
958	9535	63	826	188	0	0	2	1	23	1	10	1
959	9538	756	974	20	85	1	11	3	90	3	36	3
960	9622	612	975	48	0	0	0	0	0	0	0	0
961	9623	976	977	132	0	0	0	0	0	0	0	0
962	9624	978	149	296	0	0	0	0	0	0	0	0
963	9687	979	980	73	102	2	8	2	58	2	28	2
964	9688	85	981	222	0	0	0	0	0	0	0	0
965	9718	124	982	12	51	1	2	1	28	1	10	1
966	9719	122	983	33	51	1	2	1	27	1	10	1
967	9720	983	123	109	51	1	11	2	80	2	29	2
968	9738	984	50	658	0	0	11	2	86	2	29	2
969	9741	260	336	533	51	1	6	2	57	2	20	2
970	9752	134	985	578	91	2	5	2	53	2	18	2
971	9754	986	228	63	102	2	6	2	59	2	22	2
972	9755	986	987	114	153	3	13	4	112	4	44	4
973	9756	986	611	73	102	2	18	5	148	5	58	5
974	9760	125	593	177	0	0	0	0	0	0	0	0
975	9761	175	988	164	0	0	0	0	0	0	0	0
976	9767	494	53	20	0	0	0	0	0	0	0	0
977	9768	975	288	379	0	0	0	0	0	0	0	0
978	9769	989	599	43	51	1	2	1	27	1	9	1
979	9770	598	990	21	51	1	6	2	57	2	18	2
980	9771	86	991	655	51	1	3	1	36	1	11	1
981	9772	492	834	708	0	0	0	0	0	0	0	0
982	9802	229	52	702	0	0	0	0	0	0	0	0
983	9803	992	160	121	0	0	0	0	0	0	0	0
984	9826	993	994	75	0	0	86	3	664	3	236	3
985	9827	995	290	66	102	2	11	3	82	3	31	3
986	9828	95	995	69	51	1	7	2	74	2	25	2
987	9829	995	996	222	459	9	66	15	560	15	180	15
988	9830	997	622	492	0	0	6	2	60	2	22	2
989	9839	243	998	495	51	1	3	1	26	1	12	1
990	9840	999	1000	153	0	0	6	2	65	2	20	2
991	9841	1001	230	32	0	0	0	0	0	0	0	0
992	9843	168	1002	150	448	9	36	10	298	10	114	10
993	9844	1003	1004	56	204	4	14	4	98	4	45	4
994	9845	1005	1006	40	51	1	2	1	25	1	9	1
995	9846	120	1007	84	293	4	31	9	292	9	101	9
996	9847	1008	1009	64	0	0	0	0	0	0	0	0
997	9848	982	1010	476	0	0	0	0	0	0	0	0
998	9849	814	988	197	51	1	2	1	21	1	9	1
999	9850	983	988	82	0	0	3	1	30	1	11	1
1000	9851	1011	1012	29	102	2	6	2	58	2	18	2
1001	9852	1013	984	155	0	0	0	0	0	0	0	0
1002	9854	124	122	294	408	8	39	10	330	10	96	10
1003	9855	1014	1015	117	40	1	3	1	39	1	13	1
1004	9862	1016	1017	213	29	1	1	1	14	1	4	1
1005	9863	467	1018	106	0	0	2	1	23	1	10	1
1006	9864	61	1019	369	0	0	0	0	0	0	0	0
1007	9865	1019	467	227	0	0	0	0	0	0	0	0
1008	9866	1005	113	27	51	1	2	1	26	1	10	1
1009	9867	121	1006	20	51	1	2	1	23	1	8	1
1010	9868	113	121	53	102	2	6	2	41	2	21	2
1011	9869	1012	48	77	102	2	14	4	123	4	41	4
1012	9870	118	1012	10	0	0	0	0	0	0	0	0
1013	9871	174	1014	61	102	2	10	3	84	3	29	3
1014	9872	1014	1008	137	102	2	43	5	321	5	127	5
1015	9873	1008	594	82	102	2	14	4	122	4	38	4
1016	9874	120	41	10	0	0	0	0	0	0	0	0
1017	9875	993	596	511	0	0	0	0	0	0	0	0
1018	9876	993	617	229	0	0	0	0	0	0	0	0
1019	9877	617	610	3	0	0	0	0	0	0	0	0
1020	9878	168	141	258	204	4	24	7	168	7	70	7
1021	9879	142	977	259	102	2	10	3	97	3	29	3
1022	9880	141	1003	87	51	1	10	3	84	3	31	3
1023	9881	1003	142	23	0	0	0	0	0	0	0	0
1024	9882	997	187	504	51	1	2	1	27	1	10	1
1025	9883	237	981	69	51	1	2	1	24	1	8	1
1026	9884	981	502	291	0	0	16	5	93	5	43	5
1027	9885	979	238	33	40	1	2	1	29	1	10	1
1028	9886	95	96	16	0	0	0	0	0	0	0	0
1029	9887	100	1020	53	331	3	53	5	463	5	157	5
1030	9888	1020	996	52	0	0	2	1	25	1	8	1
1031	9889	1021	271	606	51	1	14	2	123	2	46	2
1032	9890	240	1021	280	0	0	0	0	0	0	0	0
1033	9892	638	276	68	0	0	0	0	0	0	0	0
1034	9893	638	252	219	51	1	6	2	47	2	19	2
1035	9894	999	195	160	0	0	0	0	0	0	0	0
1036	9895	999	1022	69	0	0	0	0	0	0	0	0
1037	9897	194	334	34	0	0	0	0	0	0	0	0
1038	9898	589	192	365	0	0	6	2	43	2	21	2
1039	9900	1023	1024	128	51	1	2	1	24	1	10	1
1040	9901	1025	486	251	0	0	0	0	0	0	0	0
1041	9902	486	620	519	51	1	6	2	43	2	21	2
1042	9943	1026	1027	81	51	1	2	1	24	1	10	1
1043	9944	1028	1029	446	102	2	13	4	115	4	38	4
1044	9945	1028	1030	696	0	0	1	1	17	1	5	1
1045	9946	152	1031	572	0	0	11	2	97	2	37	2
1046	9947	1031	71	150	0	0	0	0	0	0	0	0
1047	9950	93	1032	71	0	0	2	1	23	1	9	1
1048	9952	1009	1033	229	51	1	12	1	110	1	35	1
1049	9953	1034	628	240	51	1	3	1	39	1	11	1
1050	9963	987	1035	25	102	2	6	2	61	2	18	2
1051	9964	1036	424	239	0	0	2	1	25	1	10	1
1052	9966	128	382	53	51	1	2	1	25	1	9	1
1053	9967	1037	128	134	51	1	2	1	31	1	9	1
1054	9980	625	1038	153	51	1	2	1	22	1	9	1
1055	9981	178	1039	110	0	0	0	0	0	0	0	0
1056	9982	1039	625	118	0	0	0	0	0	0	0	0
1057	9983	1039	1040	128	51	1	7	1	64	1	23	1
1058	9985	1041	81	331	51	1	2	1	32	1	10	1
1059	9987	80	1042	279	0	0	2	1	23	1	9	1
1060	9988	81	1043	213	0	0	0	0	0	0	0	0
1061	9989	1043	243	263	0	0	0	0	0	0	0	0
1062	9990	1043	1044	87	0	0	3	1	27	1	11	1
1063	9992	276	1045	701	0	0	0	0	0	0	0	0
1064	9993	1045	818	209	0	0	0	0	0	0	0	0
1065	9995	1046	1045	66	51	1	11	2	89	2	31	2
1066	9996	80	518	265	51	1	2	1	26	1	9	1
1067	9997	1047	517	191	0	0	1	1	15	1	5	1
1068	9998	517	515	37	0	0	0	0	0	0	0	0
1069	9999	515	90	348	51	1	6	2	52	2	18	2
1070	10000	197	1048	48	0	0	9	3	77	3	28	3
1071	10001	976	1049	169	102	2	6	2	39	2	21	2
1072	10002	110	494	72	0	0	0	0	0	0	0	0
1073	10004	428	1050	42	51	1	2	1	20	1	10	1
1074	10005	429	1051	22	0	0	3	1	40	1	12	1
1075	10006	51	427	162	51	1	2	1	22	1	10	1
1076	10007	597	1052	140	51	1	1	1	17	1	5	1
1077	10008	382	220	186	0	0	0	0	0	0	0	0
1078	10009	1053	220	250	0	0	2	1	32	1	9	1
1079	10010	288	991	96	0	0	0	0	0	0	0	0
1080	10011	991	1054	183	51	1	7	1	61	1	19	1
1081	10023	170	1055	452	306	6	45	11	294	11	143	11
1082	10037	992	1056	371	0	0	2	1	30	1	9	1
1083	10038	156	1057	309	0	0	0	0	0	0	0	0
1084	10039	1057	992	44	0	0	0	0	0	0	0	0
1085	10040	1057	1058	143	51	1	3	1	30	1	12	1
1086	10041	176	1059	180	0	0	0	0	0	0	0	0
1087	10042	1060	1059	189	51	1	2	1	30	1	10	1
1088	10043	1059	54	49	0	0	0	0	0	0	0	0
1089	10044	1061	54	176	0	0	2	1	25	1	10	1
1090	10045	89	621	40	0	0	0	0	0	0	0	0
1091	10046	621	1062	159	51	1	2	1	20	1	10	1
1092	10047	89	1063	344	51	1	7	1	60	1	21	1
1093	10048	1063	997	517	0	0	3	1	38	1	11	1
1094	10049	1063	1064	218	51	1	2	1	32	1	9	1
1095	10050	622	514	26	0	0	0	0	0	0	0	0
1096	10051	514	1065	234	40	1	8	2	82	2	26	2
1097	10052	1065	92	183	0	0	0	0	0	0	0	0
1098	10053	1065	1066	260	51	1	6	2	53	2	20	2
1099	10075	998	1067	292	51	1	6	2	60	2	21	2
1100	10076	998	1068	18	0	0	0	0	0	0	0	0
1101	10077	1068	349	485	136	2	15	2	121	2	47	2
1102	10078	1068	1069	276	0	0	3	1	34	1	13	1
1103	10079	502	979	173	306	6	25	7	138	7	70	7
1104	10080	1070	1001	216	51	1	2	1	30	1	9	1
1105	10081	1071	1070	201	51	1	7	1	44	1	19	1
1106	10082	231	588	285	51	1	7	1	56	1	19	1
1107	10083	1072	231	104	51	1	3	1	41	1	11	1
1108	10084	1073	1074	270	51	1	2	1	23	1	10	1
1109	10085	519	1075	265	51	1	2	1	27	1	10	1
1110	10086	232	1070	494	51	1	2	1	26	1	9	1
1111	10088	351	1076	435	0	0	2	1	30	1	10	1
1112	10089	1074	1077	173	0	0	2	1	32	1	10	1
1113	10090	1077	519	200	0	0	0	0	0	0	0	0
1114	10091	1077	1078	182	0	0	2	1	22	1	10	1
1115	10092	91	1079	68	0	0	0	0	0	0	0	0
1116	10093	1079	1074	12	0	0	0	0	0	0	0	0
1117	10094	1079	1080	134	51	1	2	1	20	1	10	1
1118	10095	53	488	309	0	0	0	0	0	0	0	0
1119	10096	488	1081	446	0	0	0	0	0	0	0	0
1120	10097	1081	136	214	0	0	0	0	0	0	0	0
1121	10098	1081	1082	160	51	1	1	1	21	1	7	1
1122	10099	982	1083	315	153	3	14	4	94	4	44	4
1123	10100	1083	177	812	0	0	2	1	31	1	10	1
1124	10101	1083	1084	240	0	0	6	2	59	2	19	2
1125	10102	594	1016	148	102	2	6	2	46	2	19	2
1126	10103	1016	984	295	51	1	5	2	52	2	18	2
1127	10108	1019	1085	79	0	0	2	1	25	1	8	1
1128	10109	468	251	223	0	0	0	0	0	0	0	0
1129	10110	1086	468	220	0	0	3	1	28	1	12	1
1130	10112	50	1087	204	51	1	7	1	47	1	23	1
1131	10113	175	1005	131	0	0	0	0	0	0	0	0
1132	10114	611	1088	66	51	1	6	2	44	2	22	2
1133	10117	1089	1090	264	51	1	2	1	27	1	8	1
1134	10118	1091	1090	92	51	1	2	1	26	1	9	1
1135	10119	1092	1091	235	0	0	2	1	26	1	10	1
1136	10120	1090	1093	44	0	0	0	0	0	0	0	0
1137	10121	1093	125	543	153	3	14	3	84	3	37	3
1138	10122	1094	1093	251	51	1	8	2	82	2	23	2
1139	10123	187	520	806	0	0	0	0	0	0	0	0
1140	10124	520	1095	337	51	1	14	1	83	1	38	1
1141	10125	978	86	209	0	0	2	1	25	1	9	1
1142	10126	1096	1097	32	0	0	0	0	0	0	0	0
1143	10127	1096	1098	196	51	1	2	1	29	1	10	1
1144	10128	620	1099	446	0	0	0	0	0	0	0	0
1145	10129	1099	88	72	0	0	0	0	0	0	0	0
1146	10130	1099	1100	187	102	2	6	2	51	2	19	2
1147	10131	97	618	23	0	0	0	0	0	0	0	0
1148	10132	618	1101	60	51	1	7	2	65	2	24	2
1149	10133	188	1023	307	0	0	0	0	0	0	0	0
1150	10134	1023	1097	324	0	0	2	1	31	1	10	1
1151	10140	1025	1102	197	51	1	6	2	65	2	19	2
1152	10141	1102	1096	159	0	0	0	0	0	0	0	0
1153	10142	1102	1103	249	0	0	2	1	24	1	9	1
1154	10143	1104	258	233	0	0	0	0	0	0	0	0
1155	10144	1104	1105	240	0	0	2	1	23	1	8	1
1156	10151	1106	1104	364	0	0	0	0	0	0	0	0
1157	10152	1106	1107	259	0	0	2	1	23	1	8	1
1158	10153	46	1108	83	51	1	2	1	26	1	10	1
1159	10154	235	1106	81	0	0	0	0	0	0	0	0
1160	10155	235	1109	63	0	0	29	1	188	1	83	1
1161	10156	107	327	38	102	2	5	2	53	2	17	2
1162	10157	327	104	31	102	2	6	2	61	2	19	2
1163	10158	1022	1110	646	51	1	6	2	64	2	22	2
1164	10159	1110	186	999	0	0	0	0	0	0	0	0
1165	10160	1110	1111	243	0	0	2	1	30	1	10	1
1166	10161	1029	134	82	51	1	1	1	16	1	6	1
1167	10162	1029	1112	196	51	1	1	1	14	1	4	1
1168	10163	975	1113	426	0	0	0	0	0	0	0	0
1169	10164	1113	143	678	102	2	6	2	57	2	19	2
1170	10165	1113	1114	202	51	1	2	1	27	1	10	1
1171	10166	612	1115	174	0	0	1	1	14	1	4	1
1172	10168	977	1028	96	0	0	0	0	0	0	0	0
1173	10172	1031	1116	24	51	1	2	1	31	1	10	1
1174	10173	492	140	101	51	1	2	1	32	1	9	1
1175	10174	232	1117	135	0	0	17	2	145	2	54	2
1176	10175	1118	613	381	140	1	13	1	128	1	36	1
1177	10180	518	1119	124	85	1	2	1	26	1	9	1
1178	10181	51	1120	84	51	1	2	1	30	1	9	1
1179	10182	51	1121	124	0	0	2	1	23	1	8	1
1180	10183	1013	1122	335	0	0	2	1	20	1	9	1
1181	10184	1013	1123	245	51	1	1	1	15	1	4	1
1182	10185	978	1124	119	51	1	3	1	29	1	11	1
1183	10186	978	1125	196	51	1	12	1	81	1	35	1
1184	10187	1010	1026	154	51	1	2	1	27	1	9	1
1185	10199	344	182	68	0	0	2	1	32	1	9	1
1186	10675	640	647	253	51	1	6	2	54	2	19	2
1187	10676	823	654	158	0	0	0	0	0	0	0	0
1188	10677	654	66	356	51	1	15	3	125	3	38	3
1189	10678	647	1126	16	0	0	0	0	0	0	0	0
1190	10679	1126	1127	302	0	0	6	2	64	2	20	2
1191	10680	817	1128	110	153	3	15	5	100	5	45	5
1192	10688	817	1129	221	91	2	13	4	113	4	36	4
1193	10691	469	642	142	51	1	2	1	22	1	10	1
1194	10692	642	266	145	0	0	0	0	0	0	0	0
1195	10802	565	508	8	0	0	0	0	0	0	0	0
1196	10803	508	567	18	0	0	0	0	0	0	0	0
1197	10805	1130	506	48	0	0	0	0	0	0	0	0
1198	10807	565	1130	178	0	0	0	0	0	0	0	0
1199	10813	464	481	11	0	0	0	0	0	0	0	0
1200	-3	707	723	1	0	0	0	0	0	0	0	0
1201	-4	54	426	75	0	0	0	0	0	0	0	0
1202	-6	103	230	640	0	0	0	0	0	0	0	0
1203	-7	203	205	231	0	0	0	0	0	0	0	0
1204	-10	260	466	636	0	0	0	0	0	0	0	0
1205	-12	320	319	535	0	0	0	0	0	0	0	0
1206	-14	232	334	733	0	0	0	0	0	0	0	0
1207	-15	467	468	278	0	0	0	0	0	0	0	0
1208	-17	509	510	190	0	0	0	0	0	0	0	0
1209	-18	408	522	550	0	0	0	0	0	0	0	0
1210	-19	65	640	937	0	0	0	0	0	0	0	0
1211	-20	674	826	161	0	0	0	0	0	0	0	0
1212	-22	694	509	499	0	0	0	0	0	0	0	0
1213	-27	789	799	51	0	0	0	0	0	0	0	0
1214	-29	715	790	647	0	0	0	0	0	0	0	0
1215	-31	87	561	184	0	0	0	0	0	0	0	0
1216	-32	814	123	204	0	0	0	0	0	0	0	0
1217	-33	1130	508	182	0	0	0	0	0	0	0	0
1218	2570	1131	385	135	0	0	10	3	94	3	31	3
1219	-34	384	385	2	0	0	0	0	0	0	0	0
1220	-35	384	1131	1	0	0	0	0	0	0	0	0
END
-----------------------------------------
InputUsedToGenerateTheGraph:
County:	SkanderborgOdder
CenterNodeId:	1416
Radius:	7600
HouseTypes:	Normal	Summer	Apartment
NumberOfWasteFractions: 2
IntervalsForWasteFraction:	general	2.333333	3.5	7.0	14.0	28.0
IntervalsForWasteFraction:	paper	28.0	56.0
-----------------------------------------


