ProblemType:	MC-CARP
NumberNodes:	415
NumberEdges:	565
DepotNodeNumber:	206
NumberOfFractions:	7
NumberOfIntervalsForFraction	General	1	14
NumberOfIntervalsForFraction	Glass	1	14
NumberOfIntervalsForFraction	Metal	1	14
NumberOfIntervalsForFraction	Plastic	1	14
NumberOfIntervalsForFraction	Organic	1	14
NumberOfIntervalsForFraction	Paper	1	14
NumberOfIntervalsForFraction	Cardboard	1	14
GRAPH
EdgeNumber	EdgeId	StartNodeNumber	EndNodeNumber	Cost	Demand_0	Bins_0
	Demand_1	Bins_1
	Demand_2	Bins_2
	Demand_3	Bins_3
	Demand_4	Bins_4
	Demand_5	Bins_5
	Demand_6	Bins_6
START
0	0	0	1	118	0	0	0	0	0	0	0	0	0	0	0	0	0	0
1	5	2	3	15	0	0	0	0	0	0	0	0	0	0	0	0	0	0
2	6	3	4	97	15476	28	0	0	0	0	0	0	0	0	0	0	0	0
3	7	5	6	89	0	0	0	0	0	0	0	0	0	0	0	0	0	0
4	11	7	8	54	0	0	0	0	0	0	0	0	0	0	0	0	0	0
5	12	9	10	204	2040	2	0	0	340	2	680	3	0	0	2040	4	5100	5
6	13	9	11	10	0	0	0	0	0	0	0	0	0	0	0	0	0	0
7	14	11	8	10	0	0	0	0	0	0	0	0	0	0	0	0	0	0
8	25	12	13	55	16940	20	0	0	1020	5	1275	5	0	0	3570	7	3570	7
9	26	14	12	50	0	0	0	0	0	0	0	0	0	0	0	0	0	0
10	27	15	16	174	8160	4	1246	1	170	1	765	3	0	0	2550	5	4080	4
11	28	17	15	99	40020	24	0	0	340	1	340	1	0	0	2040	4	5100	5
12	29	15	18	35	3104	1	1246	1	0	0	0	0	0	0	1020	2	3060	3
13	30	19	20	119	4420	5	0	0	646	5	1190	5	0	0	2754	6	2550	5
14	31	21	19	55	0	0	0	0	0	0	0	0	0	0	0	0	0	0
15	32	19	22	141	0	0	0	0	0	0	0	0	0	0	0	0	0	0
16	33	6	23	39	11724	29	0	0	0	0	0	0	0	0	0	0	0	0
17	36	23	11	17	0	0	0	0	0	0	0	0	0	0	0	0	0	0
18	38	24	25	215	9350	16	0	0	599	8	599	8	1224	12	1377	15	1700	5
19	39	25	26	484	13278	47	0	0	908	17	1027	21	2632	40	2052	43	1360	4
20	41	27	28	3	0	0	1700	1	0	0	0	0	0	0	0	0	0	0
21	42	28	29	162	0	0	0	0	0	0	0	0	0	0	0	0	0	0
22	49	30	31	54	0	0	0	0	0	0	0	0	0	0	0	0	0	0
23	50	31	32	17	10200	5	0	0	0	0	0	0	0	0	0	0	0	0
24	54	33	34	86	0	0	0	0	0	0	0	0	0	0	0	0	0	0
25	59	35	36	107	7308	9	0	0	340	2	272	2	0	0	1020	2	850	2
26	60	34	37	63	0	0	0	0	0	0	0	0	0	0	0	0	0	0
27	62	37	38	23	0	0	0	0	0	0	0	0	0	0	0	0	0	0
28	63	39	40	79	0	0	0	0	0	0	0	0	0	0	0	0	0	0
29	68	38	41	84	16184	16	0	0	272	2	357	2	0	0	1122	4	510	1
30	71	42	43	69	0	0	0	0	0	0	0	0	0	0	0	0	0	0
31	72	43	39	6	0	0	0	0	0	0	0	0	0	0	0	0	0	0
32	73	41	42	22	8500	5	0	0	170	1	425	2	0	0	1020	2	1020	2
33	75	40	44	213	8302	12	0	0	612	4	544	4	0	0	2040	4	2040	4
34	76	36	33	45	0	0	0	0	0	0	0	0	0	0	0	0	0	0
35	94	45	46	105	0	0	0	0	0	0	0	0	0	0	0	0	0	0
36	95	47	48	6	0	0	0	0	0	0	0	0	0	0	0	0	0	0
37	121	49	50	105	0	0	0	0	0	0	0	0	0	0	0	0	0	0
38	123	51	52	122	0	0	0	0	0	0	0	0	0	0	0	0	0	0
39	124	53	52	107	24384	10	0	0	714	4	1020	7	0	0	816	4	3740	4
40	125	54	55	111	1428	4	0	0	59	2	59	2	306	3	153	3	0	0
41	126	55	56	91	4386	3	0	0	131	2	199	2	102	1	561	2	510	1
42	127	57	55	128	3536	12	0	0	0	0	0	0	102	1	51	1	0	0
43	128	55	58	74	1836	5	0	0	0	0	29	1	408	4	204	4	0	0
44	129	58	59	85	714	2	0	0	59	2	59	2	204	2	102	2	0	0
45	130	60	61	115	0	0	0	0	0	0	0	0	0	0	0	0	0	0
46	131	62	60	72	0	0	0	0	1020	4	765	3	0	0	4202	9	3570	7
47	132	63	64	182	3910	13	0	0	446	5	391	6	1326	13	2193	16	1020	2
48	133	63	65	22	0	0	0	0	0	0	0	0	0	0	0	0	0	0
49	134	66	67	26	0	0	0	0	0	0	0	0	0	0	0	0	0	0
50	135	68	69	40	0	0	0	0	0	0	0	0	0	0	0	0	0	0
51	136	70	66	97	1632	4	0	0	80	2	110	3	306	3	153	3	0	0
52	137	67	68	102	1326	4	0	0	59	2	80	2	408	4	204	4	0	0
53	138	71	72	228	7990	18	0	0	887	14	968	16	1734	17	2958	22	2040	4
54	139	73	74	197	8358	20	0	0	340	2	510	2	0	0	4080	4	2040	4
55	188	77	78	17	0	0	0	0	0	0	0	0	0	0	0	0	0	0
56	189	79	75	77	8130	24	0	0	697	4	408	4	0	0	2754	6	2380	5
57	190	80	81	125	7510	12	0	0	510	2	425	2	0	0	3573	10	2550	3
58	191	80	77	21	0	0	0	0	0	0	0	0	0	0	0	0	0	0
59	192	75	77	60	6836	22	0	0	255	1	255	1	0	0	2040	4	1530	3
60	193	81	82	70	16408	8	0	0	255	1	255	1	0	0	1020	2	2040	2
61	194	83	84	175	21336	32	0	0	951	6	981	7	816	8	4947	22	4080	6
62	195	85	86	37	306	1	0	0	0	0	29	1	102	1	51	1	0	0
63	196	87	88	176	5644	15	0	0	177	6	199	6	1632	16	765	15	0	0
64	197	88	72	157	9792	15	0	0	369	7	484	8	1224	12	1632	14	510	1
65	198	89	90	69	1530	5	0	0	0	0	0	0	510	5	255	5	0	0
66	199	91	92	219	22351	24	1133	1	255	1	255	1	0	0	1020	2	1020	2
67	200	93	94	10	0	0	0	0	0	0	0	0	0	0	0	0	0	0
68	201	94	92	170	0	0	7558	3	1020	4	1020	4	0	0	3919	11	6120	6
69	203	95	96	84	13880	18	0	0	510	2	765	3	0	0	1530	3	4080	8
70	204	97	98	96	2040	6	0	0	178	6	221	6	612	6	306	6	0	0
71	205	99	100	76	16380	10	0	0	425	2	255	1	0	0	1020	2	2040	4
72	206	98	99	26	0	0	0	0	0	0	0	0	0	0	0	0	0	0
73	209	101	102	31	0	0	0	0	0	0	0	0	0	0	0	0	0	0
74	211	103	104	56	15580	16	0	0	510	2	510	2	0	0	2040	4	5100	5
75	212	105	103	56	0	0	0	0	0	0	0	0	0	0	0	0	0	0
76	213	104	106	48	0	0	0	0	255	1	510	2	0	0	2040	4	2040	2
77	215	107	108	188	5372	17	0	0	148	5	148	5	1734	17	867	17	0	0
78	216	109	108	13	0	0	0	0	0	0	0	0	0	0	0	0	0	0
79	217	110	111	112	2040	6	0	0	119	4	148	5	918	9	306	6	0	0
80	218	112	113	207	15528	24	3003	2	765	3	510	2	0	0	3060	6	2040	4
81	219	113	114	98	12240	6	0	0	340	2	510	2	0	0	1020	2	1530	3
82	220	112	115	79	0	0	0	0	0	0	0	0	0	0	0	0	0	0
83	221	116	117	76	12240	6	0	0	340	2	680	3	0	0	1020	2	1020	2
84	222	118	119	238	24276	23	1870	1	505	7	794	9	1122	11	1581	13	2040	4
85	223	120	121	112	0	0	0	0	0	0	0	0	0	0	0	0	0	0
86	224	122	123	133	26871	22	0	0	1360	7	1700	6	0	0	3514	11	6630	10
87	225	124	30	356	21742	50	0	0	446	15	556	18	2699	45	1150	42	0	0
88	226	125	126	22	1020	1	0	0	0	0	0	0	0	0	0	0	0	0
89	227	126	127	162	10673	5	1870	1	399	3	569	3	0	0	4284	5	4420	5
90	230	128	129	180	0	0	935	1	1530	4	1785	5	0	0	3774	8	7930	9
91	231	130	131	23	306	1	0	0	29	1	29	1	102	1	51	1	0	0
92	232	132	130	105	1734	5	0	0	140	4	140	4	510	5	255	5	0	0
93	233	133	134	213	16592	40	0	0	556	14	947	15	2600	27	3243	28	2040	4
94	234	135	136	79	3468	11	0	0	119	4	199	6	1122	11	539	11	0	0
95	235	137	138	46	1938	6	0	0	29	1	89	3	612	6	306	6	0	0
96	236	139	140	213	9792	17	0	0	386	5	539	7	816	8	1275	13	1020	3
97	237	141	142	273	21538	52	0	0	2021	17	2193	18	0	0	3999	19	4607	16
98	238	143	36	183	18068	16	0	0	935	7	1190	8	0	0	1836	6	2890	7
99	239	144	145	86	8160	4	0	0	510	2	680	2	0	0	1530	3	2040	4
100	240	146	144	66	16088	10	0	0	255	1	170	1	0	0	510	1	850	2
101	241	147	148	16	0	0	0	0	0	0	0	0	0	0	0	0	0	0
102	242	148	61	102	0	0	0	0	255	1	510	2	0	0	1020	2	2550	5
103	244	149	150	142	29249	14	0	0	680	3	850	4	0	0	6120	6	4080	8
104	245	151	152	131	11628	13	0	0	204	2	255	3	510	5	1071	9	850	2
105	246	153	154	129	7458	13	0	0	442	3	374	3	306	3	1173	5	1360	3
106	247	26	155	19	306	1	0	0	29	1	29	1	102	1	51	1	0	0
107	248	156	24	57	408	1	0	0	0	0	0	0	102	1	51	1	0	0
108	249	157	24	108	0	0	0	0	510	2	510	2	0	0	4080	4	1530	3
109	250	158	159	120	4896	11	0	0	199	2	182	3	714	7	845	8	340	1
110	251	160	161	105	30005	18	850	1	850	4	935	4	0	0	3060	6	2040	4
111	252	33	162	27	0	0	0	0	0	0	0	0	0	0	0	0	0	0
112	253	82	162	129	15302	17	1246	1	595	3	374	3	0	0	2550	5	1700	4
113	254	163	160	117	13659	5	0	0	357	2	272	2	0	0	1428	3	2380	3
114	255	161	79	28	0	0	0	0	0	0	0	0	0	0	0	0	0	0
115	278	164	163	92	0	0	0	0	0	0	0	0	0	0	0	0	0	0
116	310	165	166	120	16048	17	0	0	760	6	653	7	714	7	2397	11	1700	4
117	311	167	168	109	1632	5	0	0	89	3	89	3	510	5	255	5	0	0
118	312	169	170	122	2924	5	0	0	161	3	161	3	306	3	357	4	340	1
119	313	171	172	120	7982	20	0	0	765	4	765	4	0	0	3060	6	2040	4
120	314	173	174	116	5474	16	0	0	29	1	80	2	1632	16	816	16	0	0
121	325	175	176	53	27322	13	0	0	680	4	646	5	0	0	2244	5	2550	5
122	330	37	177	86	4216	3	0	0	0	0	102	1	0	0	510	1	510	1
123	331	39	178	208	15240	43	0	0	697	4	935	4	0	0	3973	16	3703	9
124	332	34	179	44	29890	13	0	0	357	2	612	3	0	0	1530	3	2550	3
125	335	180	78	261	29734	22	1870	1	833	6	918	6	0	0	1734	4	4590	7
126	336	50	180	90	16201	6	0	0	0	0	0	0	0	0	0	0	0	0
127	337	78	80	16	2040	2	0	0	0	0	0	0	0	0	0	0	0	0
128	340	49	160	96	0	0	0	0	102	1	102	1	0	0	1020	2	0	0
129	342	181	79	86	9656	7	0	0	170	1	170	1	0	0	510	1	510	1
130	343	182	82	76	5100	3	0	0	170	1	102	1	0	0	510	1	510	1
131	344	183	184	111	14280	7	0	0	629	3	816	3	0	0	1428	3	2550	4
132	345	185	184	144	21080	14	0	0	1020	6	918	6	0	0	4080	6	2040	5
133	347	186	187	96	3570	10	0	0	140	4	212	5	918	9	459	9	0	0
134	348	188	189	138	19318	24	0	0	935	6	1003	6	0	0	2601	9	3230	6
135	397	190	102	29	22765	8	0	0	0	0	0	0	0	0	0	0	0	0
136	398	191	101	30	0	0	0	0	255	1	170	1	0	0	1020	2	510	1
137	399	192	191	34	4896	8	0	0	0	0	0	0	0	0	0	0	0	0
138	400	191	190	26	0	0	0	0	0	0	0	0	0	0	0	0	0	0
139	401	193	190	35	6120	10	0	0	255	1	170	1	0	0	1020	2	1020	2
140	402	194	133	46	3512	2	0	0	0	0	29	1	102	1	51	1	0	0
141	403	195	193	85	33960	22	0	0	1190	6	1530	6	0	0	3626	10	3570	7
142	404	192	196	152	30716	26	0	0	1105	5	1020	5	0	0	4176	9	2550	5
143	405	133	146	83	0	0	0	0	0	0	0	0	0	0	0	0	0	0
144	406	193	115	23	0	0	0	0	0	0	0	0	0	0	0	0	0	0
145	407	115	192	11	0	0	0	0	0	0	0	0	0	0	0	0	0	0
146	408	197	198	23	0	0	0	0	0	0	0	0	0	0	0	0	0	0
147	409	143	199	202	5780	4	0	0	0	0	0	0	0	0	204	1	1020	1
148	410	35	143	58	0	0	0	0	0	0	0	0	0	0	0	0	0	0
149	411	200	201	66	0	0	0	0	0	0	0	0	0	0	0	0	0	0
150	412	200	146	29	0	0	0	0	0	0	0	0	0	0	0	0	0	0
151	413	199	194	120	3876	3	0	0	314	2	612	3	0	0	3264	7	1530	3
152	414	202	203	77	15108	11	0	0	255	1	510	2	0	0	2040	4	2040	4
153	415	202	197	22	0	0	0	0	0	0	0	0	0	0	0	0	0	0
154	416	122	198	33	0	0	0	0	0	0	0	0	0	0	0	0	0	0
155	417	201	204	73	0	0	0	0	0	0	0	0	0	0	0	0	0	0
156	418	205	206	81	14788	26	0	0	510	2	1020	4	0	0	3570	7	3060	6
157	419	205	203	18	0	0	0	0	0	0	0	0	0	0	0	0	0	0
158	420	207	119	94	1530	5	0	0	102	1	102	1	0	0	408	2	0	0
159	421	208	209	12	0	0	0	0	0	0	0	0	0	0	0	0	0	0
160	422	210	122	57	16320	8	0	0	425	2	510	2	0	0	1020	2	1020	2
161	423	206	209	89	0	0	0	0	0	0	0	0	0	0	0	0	0	0
162	424	208	207	94	0	0	0	0	0	0	0	0	0	0	0	0	0	0
163	425	211	195	141	14064	46	0	0	1020	4	1020	4	0	0	3570	7	3060	6
164	464	212	105	142	2346	7	0	0	59	2	89	3	714	7	357	7	0	0
165	468	213	58	119	2788	7	0	0	88	3	88	3	714	7	357	7	0	0
166	470	214	215	13	4080	2	0	0	0	0	0	0	0	0	510	1	510	1
167	476	216	217	10	4080	2	0	0	0	0	0	0	0	0	510	1	510	1
168	477	217	218	9	8160	4	0	0	255	1	510	1	0	0	714	2	1020	2
169	480	219	220	9	8160	4	0	0	255	1	510	1	0	0	510	1	510	1
170	486	204	14	89	0	0	0	0	0	0	0	0	0	0	0	0	0	0
171	487	210	14	25	0	0	0	0	0	0	0	0	0	0	0	0	0	0
172	488	211	119	40	0	0	0	0	0	0	0	0	0	0	0	0	0	0
173	489	221	222	130	0	0	0	0	0	0	0	0	0	0	0	0	0	0
174	490	47	223	44	0	0	0	0	0	0	0	0	0	0	0	0	0	0
175	491	224	225	179	0	0	0	0	0	0	0	0	0	0	0	0	0	0
176	494	226	227	127	3978	7	0	0	80	2	80	2	306	3	153	3	0	0
177	495	227	228	12	0	0	0	0	0	0	0	0	0	0	0	0	0	0
178	496	225	47	7	0	0	0	0	0	0	0	0	0	0	0	0	0	0
179	497	22	99	194	0	0	0	0	0	0	0	0	0	0	1530	3	1020	2
180	498	67	229	103	1292	3	0	0	29	1	51	1	204	2	153	3	0	0
181	500	230	231	84	0	0	0	0	0	0	0	0	0	0	0	0	0	0
182	501	231	232	39	0	0	0	0	0	0	0	0	0	0	0	0	0	0
183	502	229	210	89	0	0	0	0	0	0	0	0	0	0	0	0	0	0
184	503	66	233	112	1122	3	0	0	29	1	182	4	510	5	102	2	0	0
185	504	234	66	146	1836	3	0	0	88	3	109	3	306	3	153	3	0	0
186	505	99	230	85	0	0	0	0	0	0	0	0	0	0	0	0	0	0
187	506	13	221	116	0	0	0	0	0	0	0	0	0	0	0	0	0	0
188	507	222	224	115	0	0	0	0	0	0	0	0	0	0	0	0	0	0
189	508	232	67	153	1530	5	0	0	89	3	89	3	510	5	255	5	0	0
190	509	22	98	190	8772	6	0	0	199	2	284	2	204	2	1122	4	1020	2
191	510	98	235	95	612	2	0	0	0	0	0	0	204	2	102	2	0	0
192	511	233	14	88	0	0	0	0	0	0	0	0	0	0	0	0	0	0
193	512	235	234	120	850	3	0	0	29	1	58	2	408	4	153	3	0	0
194	513	30	236	67	24790	10	0	0	170	1	102	1	0	0	510	1	510	1
195	514	236	237	25	0	0	0	0	0	0	0	0	0	0	0	0	0	0
196	515	64	238	8	6596	5	0	0	59	1	102	1	0	0	0	0	1020	2
197	516	237	239	37	306	1	0	0	29	1	0	0	102	1	51	1	0	0
198	517	240	45	57	3400	2	0	0	255	1	510	1	0	0	1020	2	2040	2
199	518	62	240	251	21128	31	3740	1	782	5	952	5	0	0	3060	6	3910	8
200	519	147	62	59	2040	1	0	0	0	0	0	0	0	0	0	0	0	0
201	520	33	241	230	39718	87	3400	2	1649	8	2907	10	0	0	3493	18	9652	16
202	521	242	128	156	13872	20	3740	2	510	2	510	2	0	0	1020	2	1530	3
203	522	241	147	18	0	0	0	0	0	0	0	0	0	0	0	0	0	0
204	523	45	222	87	0	0	0	0	0	0	0	0	0	0	0	0	0	0
205	525	125	64	87	6208	2	0	0	0	0	0	0	0	0	204	1	0	0
206	526	243	244	44	0	0	0	0	0	0	0	0	0	0	0	0	0	0
207	527	244	125	28	0	0	0	0	0	0	0	0	0	0	0	0	0	0
208	528	128	243	35	14272	10	0	0	510	3	306	3	0	0	2550	5	1530	3
209	529	121	242	7	0	0	0	0	0	0	0	0	0	0	0	0	0	0
210	530	4	245	81	1224	4	0	0	0	0	0	0	408	4	204	4	0	0
211	531	239	246	11	0	0	0	0	0	0	0	0	0	0	0	0	0	0
212	532	246	4	102	6732	5	0	0	284	2	284	2	204	2	612	3	2040	2
213	533	247	121	81	0	0	0	0	0	0	0	0	0	0	0	0	0	0
214	534	238	30	105	12240	9	0	0	340	2	340	2	0	0	510	1	1530	3
215	535	245	248	92	4964	11	3400	1	88	3	169	5	714	7	357	7	0	0
216	541	249	250	23	0	0	0	0	0	0	0	0	0	0	0	0	0	0
217	568	144	251	76	14948	12	0	0	612	3	935	3	0	0	3060	6	6120	8
218	570	252	253	387	24953	14	1700	1	765	2	765	2	0	0	4196	12	8698	10
219	573	254	7	60	15521	5	850	1	510	1	510	1	0	0	510	1	1020	1
220	580	255	210	231	0	0	0	0	0	0	0	0	0	0	0	0	0	0
221	581	247	255	128	16828	10	0	0	680	3	612	3	0	0	1020	2	2550	5
222	582	222	247	8	0	0	0	0	0	0	0	0	0	0	0	0	0	0
223	583	256	247	116	0	0	0	0	0	0	0	0	0	0	0	0	0	0
224	585	46	224	62	6208	2	1870	1	697	4	2074	5	0	0	3570	5	6120	6
225	587	257	256	178	0	0	0	0	0	0	0	0	0	0	0	0	0	0
226	588	225	257	6	0	0	0	0	0	0	0	0	0	0	0	0	0	0
227	589	48	257	7	0	0	0	0	0	0	0	0	0	0	0	0	0	0
228	590	51	47	360	0	0	2493	2	1377	6	2754	6	0	0	3685	17	7480	9
229	591	165	48	44	0	0	0	0	0	0	0	0	0	0	0	0	0	0
230	592	223	165	6	0	0	0	0	0	0	0	0	0	0	0	0	0	0
231	593	223	226	82	0	0	0	0	0	0	0	0	0	0	0	0	0	0
232	594	258	165	82	952	3	0	0	29	1	51	1	408	4	153	3	0	0
233	595	152	226	103	1904	4	1870	1	131	2	131	2	102	1	255	2	0	0
234	596	259	258	130	1122	3	0	0	89	3	110	3	306	3	153	3	0	0
235	597	260	261	6	0	0	0	0	0	0	0	0	0	0	0	0	0	0
236	598	221	255	8	0	0	0	0	0	0	0	0	0	0	0	0	0	0
237	599	262	263	206	0	0	0	0	0	0	0	0	0	0	0	0	0	0
238	604	264	56	94	20708	27	1530	2	510	4	1836	5	408	4	3519	10	5440	6
239	611	265	266	185	0	0	0	0	0	0	0	0	0	0	0	0	0	0
240	614	267	264	88	14802	27	1530	2	204	2	1020	2	204	2	2142	6	5100	5
241	615	56	266	25	0	0	0	0	0	0	0	0	0	0	0	0	0	0
242	617	265	268	68	5508	6	0	0	170	1	102	1	0	0	510	1	1020	2
243	622	250	267	68	0	0	0	0	0	0	0	0	0	0	0	0	0	0
244	623	40	269	201	19148	16	0	0	969	6	901	6	0	0	2448	6	3910	7
245	624	270	269	43	6120	3	0	0	59	1	59	1	0	0	0	0	1020	2
246	629	228	260	4	0	0	0	0	0	0	0	0	0	0	0	0	0	0
247	631	175	271	68	15606	9	0	0	340	2	510	2	0	0	1530	3	1020	2
248	632	272	175	78	9933	8	0	0	0	0	0	0	0	0	612	3	0	0
249	633	273	272	74	6208	2	0	0	170	1	170	1	0	0	1020	1	510	1
250	635	153	151	97	5406	11	0	0	160	3	160	3	918	9	612	9	0	0
251	636	274	153	135	4760	8	0	0	139	4	190	5	816	8	408	8	0	0
252	637	269	275	127	6868	7	0	0	442	3	306	3	0	0	1224	3	1360	3
253	638	151	228	85	2108	5	0	0	59	2	89	3	408	4	204	4	0	0
254	639	271	40	63	0	0	0	0	0	0	0	0	0	0	0	0	0	0
255	640	53	275	21	0	0	0	0	0	0	0	0	0	0	0	0	0	0
256	641	276	274	14	0	0	0	0	0	0	0	0	0	0	0	0	0	0
257	642	274	53	25	0	0	0	0	0	0	0	0	0	0	0	0	0	0
258	643	275	276	29	0	0	0	0	0	0	0	0	0	0	0	0	0	0
259	644	277	278	52	1258	4	0	0	51	1	51	1	408	4	204	4	0	0
260	645	259	227	10	0	0	0	0	0	0	0	0	0	0	0	0	0	0
261	646	261	279	3	0	0	0	0	0	0	0	0	0	0	0	0	0	0
262	647	259	169	81	2516	4	0	0	29	1	29	1	306	3	153	3	0	0
263	648	250	213	307	1666	3	0	0	59	2	59	2	204	2	102	2	0	0
264	649	277	261	73	1020	3	0	0	29	1	29	1	204	2	153	3	0	0
265	650	213	280	82	238	1	0	0	0	0	0	0	102	1	51	1	0	0
266	651	279	281	12	0	0	0	0	0	0	0	0	0	0	0	0	0	0
267	652	280	173	71	0	0	0	0	29	1	0	0	102	1	51	1	0	0
268	653	167	159	101	3536	10	0	0	140	4	170	5	1020	10	510	10	0	0
269	654	169	167	80	2244	6	0	0	119	4	199	6	612	6	255	5	0	0
270	655	173	277	112	1666	5	0	0	119	4	140	4	408	4	204	4	0	0
271	656	282	260	256	8160	19	0	0	288	5	373	5	1326	13	1581	12	510	1
272	657	71	283	88	10302	14	0	0	539	4	335	4	204	2	1581	4	1530	3
273	658	284	21	183	2448	3	0	0	0	0	0	0	0	0	0	0	0	0
274	659	285	283	138	3468	8	0	0	561	4	374	3	0	0	1632	5	1360	3
275	660	21	286	10	0	0	0	0	0	0	0	0	0	0	0	0	0	0
276	661	286	285	183	408	1	0	0	102	1	102	1	0	0	255	2	510	1
277	662	263	284	156	8482	15	1870	1	221	2	153	2	102	1	612	3	510	1
278	663	285	284	11	0	0	0	0	0	0	0	0	0	0	0	0	0	0
279	664	249	282	407	23616	23	0	0	612	3	1377	6	0	0	2550	5	3588	9
280	665	159	287	174	4930	14	0	0	208	7	238	8	1326	13	612	12	0	0
281	666	288	289	83	646	2	0	0	0	0	0	0	204	2	102	2	0	0
282	667	279	290	102	1428	4	0	0	29	1	29	1	306	3	153	3	0	0
283	669	281	259	8	0	0	0	0	0	0	0	0	0	0	0	0	0	0
284	670	281	288	115	2686	4	0	0	29	1	29	1	816	8	204	4	0	0
285	671	290	291	97	1428	4	0	0	59	2	59	2	408	4	153	3	0	0
286	683	95	93	110	0	0	0	0	0	0	0	0	0	0	0	0	0	0
287	684	22	292	83	0	0	0	0	0	0	0	0	0	0	0	0	0	0
288	686	293	286	107	306	1	0	0	0	0	0	0	0	0	51	1	0	0
289	688	94	294	254	0	0	0	0	0	0	0	0	0	0	0	0	0	0
290	689	295	296	182	4080	5	0	0	0	0	0	0	0	0	0	0	0	0
291	690	93	295	177	10404	17	0	0	0	0	0	0	0	0	510	1	510	1
292	691	297	95	87	0	0	0	0	0	0	0	0	0	0	0	0	0	0
293	692	294	17	86	0	0	0	0	0	0	0	0	0	0	0	0	0	0
294	693	1	94	357	0	0	0	0	0	0	0	0	0	0	0	0	0	0
295	694	283	262	223	4080	4	0	0	102	1	170	1	0	0	510	1	510	1
296	695	292	297	57	0	0	0	0	0	0	0	0	0	0	0	0	0	0
297	696	17	293	85	0	0	1700	1	0	0	0	0	0	0	0	0	0	0
298	700	298	299	48	2040	1	0	0	0	0	0	0	0	0	510	1	0	0
299	701	300	141	76	408	1	0	0	0	0	0	0	0	0	0	0	0	0
300	702	301	262	41	0	0	0	0	0	0	0	0	0	0	0	0	0	0
301	703	141	302	68	680	1	0	0	0	0	0	0	0	0	0	0	0	0
302	704	35	300	338	46129	45	0	0	986	6	1734	8	0	0	3843	15	3996	13
303	705	302	301	322	306	1	0	0	0	0	0	0	0	0	0	0	0	0
304	706	87	299	137	8228	5	0	0	221	2	153	2	102	1	561	2	850	2
305	707	299	83	38	0	0	0	0	0	0	0	0	0	0	0	0	0	0
306	709	262	73	103	14280	12	0	0	425	2	850	4	0	0	2040	4	3570	7
307	711	73	87	93	6120	3	0	0	340	2	204	2	0	0	1020	2	1020	2
308	712	18	303	119	23800	9	0	0	0	0	0	0	0	0	510	1	3060	3
309	713	22	17	12	0	0	0	0	0	0	0	0	0	0	0	0	0	0
310	714	18	304	164	2040	2	0	0	0	0	0	0	0	0	0	0	850	2
311	727	304	305	103	3606	4	0	0	59	2	59	2	306	3	153	3	0	0
312	728	306	307	150	14654	17	0	0	425	6	505	8	1020	10	1508	12	510	1
313	729	303	305	121	20726	27	935	1	255	1	510	2	0	0	1530	3	7176	10
314	730	85	304	316	13396	19	0	0	415	13	556	14	1428	14	765	15	2040	2
315	731	89	85	84	2856	8	0	0	220	6	220	6	714	7	357	7	0	0
316	732	307	89	82	3468	8	0	0	178	6	199	6	918	9	408	8	0	0
317	737	307	84	82	1224	4	1246	1	29	1	29	1	408	4	204	4	0	0
318	738	88	307	91	1632	5	0	0	58	2	139	4	510	5	255	5	0	0
319	739	74	71	3	0	0	0	0	0	0	0	0	0	0	0	0	0	0
320	740	74	88	87	2006	5	0	0	59	2	89	3	612	6	357	7	0	0
321	741	263	283	20	0	0	0	0	0	0	0	0	0	0	0	0	0	0
322	747	91	308	83	15912	9	0	0	102	1	255	1	0	0	714	2	1020	2
323	748	294	91	165	23179	10	0	0	1105	3	1564	5	0	0	2040	4	4590	5
324	749	292	294	10	0	0	0	0	0	0	0	0	0	0	0	0	0	0
325	759	1	296	12	0	0	0	0	0	0	0	0	0	0	0	0	0	0
326	763	220	217	19	0	0	0	0	0	0	0	0	0	0	0	0	0	0
327	764	0	215	22	0	0	0	0	0	0	0	0	0	0	0	0	0	0
328	766	309	310	139	15832	39	1133	1	510	3	765	3	0	0	1530	3	3060	6
329	767	0	309	88	0	0	0	0	0	0	0	0	0	0	0	0	0	0
330	768	311	309	78	2040	1	0	0	170	1	510	1	0	0	510	1	510	1
331	769	295	312	60	0	0	0	0	0	0	0	0	0	0	0	0	0	0
332	770	313	96	142	13716	54	850	1	935	5	1955	8	0	0	8160	8	3570	7
333	771	96	314	147	0	0	0	0	680	3	680	3	0	0	4080	4	6120	6
334	772	312	313	132	15696	34	1870	1	340	2	765	3	0	0	3060	3	4080	8
335	773	315	96	103	0	0	0	0	0	0	0	0	0	0	0	0	0	0
336	774	312	316	286	32684	47	1870	1	850	4	1785	6	0	0	8160	8	6630	10
337	775	317	318	70	714	2	0	0	0	0	0	0	204	2	80	2	0	0
338	776	319	317	11	0	0	0	0	0	0	0	0	0	0	0	0	0	0
339	777	201	320	236	25372	36	0	0	1436	12	1678	11	918	9	4437	21	4248	12
340	778	320	321	13	918	3	0	0	29	1	29	1	204	2	102	2	0	0
341	779	97	322	171	782	3	0	0	29	1	29	1	102	1	153	3	0	0
342	780	323	97	102	918	3	0	0	0	0	0	0	306	3	153	3	0	0
343	781	319	323	99	1462	5	0	0	29	1	29	1	510	5	233	5	0	0
344	782	321	318	85	3026	9	0	0	29	1	29	1	1020	10	459	9	0	0
345	789	324	109	140	24834	8	0	0	0	0	0	0	0	0	0	0	0	0
346	790	325	108	141	1564	5	0	0	89	3	119	4	510	5	182	4	0	0
347	791	109	326	103	23854	10	1246	1	1020	1	2040	2	0	0	0	0	3060	3
348	792	327	328	90	816	2	0	0	0	0	0	0	204	2	102	2	0	0
349	793	108	329	99	1224	4	0	0	59	2	89	3	408	4	204	4	0	0
350	794	326	330	110	0	0	0	0	0	0	0	0	0	0	0	0	0	0
351	795	329	330	101	646	2	0	0	59	2	59	2	204	2	102	2	0	0
352	796	324	328	7	0	0	0	0	0	0	0	0	0	0	0	0	0	0
353	797	209	212	86	17144	19	0	0	1190	3	1105	3	0	0	2040	4	5100	5
354	798	315	297	103	16112	22	0	0	595	3	765	3	0	0	2040	4	1530	3
355	799	324	315	226	28583	20	0	0	403	6	348	7	1020	10	1020	11	2040	2
356	800	212	331	104	3978	13	0	0	119	4	119	4	918	9	510	10	0	0
357	801	331	325	180	5984	18	0	0	238	8	238	8	1734	17	867	17	0	0
358	802	328	325	6	0	0	0	0	0	0	0	0	0	0	0	0	0	0
359	803	211	104	83	8976	11	0	0	0	0	0	0	0	0	0	0	0	0
360	804	104	111	150	8160	8	0	0	0	0	0	0	0	0	204	1	510	1
361	805	111	330	148	20722	20	935	1	58	2	58	2	204	2	153	3	0	0
362	806	107	332	115	1156	4	0	0	58	2	88	3	510	5	204	4	0	0
363	807	331	107	69	2788	9	0	0	119	4	119	4	918	9	459	9	0	0
364	808	333	334	73	2006	7	0	0	88	3	88	3	714	7	306	6	0	0
365	809	332	110	40	612	2	0	0	51	1	51	1	204	2	102	2	0	0
366	810	326	313	232	21872	26	0	0	816	5	1190	5	0	0	3366	15	7486	10
367	811	105	332	109	5644	12	0	0	148	5	224	5	1224	12	459	9	0	0
368	812	110	334	75	1156	4	0	0	140	4	140	4	408	4	204	4	0	0
369	813	334	329	74	1224	4	0	0	59	2	59	2	612	6	204	4	0	0
370	814	207	105	88	15708	14	0	0	425	2	816	5	0	0	1122	4	2040	4
371	815	335	117	100	4080	2	0	0	0	0	0	0	0	0	0	0	0	0
372	816	117	113	104	8160	4	0	0	170	1	510	2	0	0	510	1	1020	2
373	817	195	335	81	0	0	0	0	0	0	0	0	0	0	0	0	0	0
374	818	335	112	109	12240	6	0	0	510	3	680	3	0	0	1020	2	1530	3
375	819	336	335	105	11900	7	0	0	170	1	170	1	0	0	510	1	510	1
376	820	112	337	92	3400	2	0	0	272	2	442	3	0	0	714	2	1360	3
377	821	114	171	54	0	0	0	0	0	0	0	0	0	0	0	0	0	0
378	822	211	336	88	0	0	0	0	0	0	0	0	0	0	0	0	0	0
379	823	336	116	116	19380	11	850	1	357	2	425	2	0	0	1224	3	2040	4
380	824	116	114	135	0	0	0	0	0	0	0	0	0	0	0	0	0	0
381	825	171	248	115	8772	12	0	0	255	1	0	0	0	0	1020	2	510	1
382	826	2	338	162	17056	30	0	0	1020	4	765	3	0	0	2040	4	8160	8
383	827	2	114	100	17156	24	0	0	1360	6	1139	6	0	0	4059	10	2550	5
384	828	339	340	120	612	2	0	0	59	2	59	2	204	2	102	2	0	0
385	829	341	342	87	2788	9	0	0	110	3	199	6	918	9	459	9	0	0
386	830	339	341	10	0	0	0	0	0	0	0	0	0	0	0	0	0	0
387	831	4	339	91	2856	9	0	0	29	1	29	1	918	9	510	10	0	0
388	832	343	245	105	0	0	0	0	0	0	0	0	0	0	0	0	0	0
389	834	199	241	264	21984	34	0	0	1139	7	1156	7	0	0	3774	7	4080	7
390	835	246	344	235	7494	29	0	0	297	10	386	13	2043	29	969	29	0	0
391	836	344	345	96	1768	6	0	0	89	3	119	4	612	6	306	6	0	0
392	837	342	343	181	7344	24	0	0	259	8	280	8	1950	24	1001	24	0	0
393	838	346	342	72	2244	7	0	0	29	1	29	1	714	7	357	7	0	0
394	839	344	346	18	0	0	0	0	0	0	0	0	0	0	0	0	0	0
395	840	338	239	123	16018	10	0	0	624	4	641	5	102	1	2091	5	1020	2
396	841	118	338	250	9996	29	0	0	378	12	378	12	1932	24	965	25	0	0
397	842	208	118	79	15606	10	0	0	357	2	272	2	102	1	1275	4	850	2
398	847	348	349	15	0	0	0	0	0	0	0	0	0	0	0	0	0	0
399	848	350	348	64	0	0	0	0	0	0	0	0	0	0	0	0	0	0
400	849	123	351	84	0	0	0	0	0	0	0	0	0	0	0	0	0	0
401	850	351	350	79	15880	9	0	0	170	1	255	1	0	0	1020	2	2040	2
402	851	205	350	197	10268	8	3740	1	340	2	204	2	102	1	1071	3	1530	3
403	852	350	128	191	24838	10	0	0	765	3	680	4	0	0	3060	6	3060	6
404	853	352	353	49	21628	46	0	0	1275	5	1105	5	0	0	4080	8	4250	9
405	854	351	352	115	14624	10	0	0	255	1	340	2	0	0	1020	2	2550	5
406	855	197	351	160	26052	11	0	0	680	4	714	4	0	0	2550	5	2550	5
407	856	255	120	75	21852	22	850	1	765	3	1275	4	0	0	3060	4	4080	6
408	857	120	352	83	0	0	0	0	0	0	0	0	0	0	0	0	0	0
409	858	206	124	78	612	2	0	0	29	1	59	2	204	2	102	2	0	0
410	859	349	63	8	612	2	0	0	29	1	29	1	204	2	102	2	0	0
411	860	65	348	14	0	0	0	0	0	0	0	0	0	0	0	0	0	0
412	861	124	65	140	18394	18	0	0	454	3	425	2	306	3	2193	7	3060	3
413	862	349	244	165	15896	29	0	0	935	5	1190	5	0	0	5100	6	6630	9
414	863	32	5	131	28485	35	0	0	1445	5	1785	6	0	0	3060	6	9690	13
415	864	5	10	129	20823	18	1898	2	340	2	1020	2	0	0	3060	6	4080	4
416	865	354	355	192	0	0	1870	1	1020	4	1275	5	0	0	3264	7	2040	2
417	866	356	354	70	0	0	0	0	0	0	0	0	0	0	0	0	0	0
418	868	242	356	127	25680	36	0	0	1445	7	1700	8	0	0	3938	9	3910	6
419	869	357	70	142	4556	11	0	0	139	4	178	6	1326	13	510	10	0	0
420	870	70	358	108	3842	6	0	0	118	4	118	4	612	6	284	6	0	0
421	871	204	357	85	12648	7	0	0	539	3	1559	4	102	1	2091	5	4080	4
422	872	131	359	26	408	1	0	0	0	0	0	0	102	1	51	1	0	0
423	873	323	359	49	238	1	0	0	29	1	29	1	102	1	51	1	0	0
424	874	235	230	29	0	0	0	0	0	0	0	0	0	0	0	0	0	0
425	875	359	130	23	0	0	0	0	0	0	0	0	0	0	0	0	0	0
426	876	131	235	67	986	2	0	0	59	2	59	2	204	2	102	2	0	0
427	877	230	360	106	14996	25	1870	1	765	3	1785	7	0	0	4151	10	8160	8
428	878	206	361	85	0	0	3740	1	0	0	0	0	0	0	0	0	0	0
429	879	362	327	39	0	0	0	0	0	0	0	0	0	0	0	0	0	0
430	880	361	362	247	3672	11	0	0	59	2	119	4	1020	10	510	10	0	0
431	882	360	100	76	0	0	0	0	0	0	0	0	0	0	0	0	0	0
432	883	327	360	81	0	0	0	0	0	0	0	0	0	0	0	0	0	0
433	884	363	364	82	1326	4	0	0	29	1	59	2	408	4	204	4	0	0
434	885	69	363	77	1870	5	0	0	118	4	118	4	510	5	204	4	0	0
435	886	68	363	81	714	2	0	0	29	1	59	2	204	2	102	2	0	0
436	887	365	69	87	2414	4	0	0	80	2	80	2	306	3	153	3	0	0
437	888	366	202	85	0	0	0	0	0	0	0	0	0	0	0	0	0	0
438	889	198	367	85	2040	2	0	0	0	0	0	0	0	0	0	0	0	0
439	890	233	229	27	0	0	0	0	0	0	0	0	0	0	0	0	0	0
440	891	368	361	72	15776	10	0	0	484	4	824	5	204	2	4182	6	2040	4
441	892	368	205	85	0	0	0	0	0	0	0	0	0	0	0	0	0	0
442	893	203	369	85	0	0	0	0	0	0	0	0	0	0	0	0	0	0
443	894	367	366	44	1156	2	0	0	58	2	58	2	306	3	102	2	0	0
444	895	229	367	62	1224	3	0	0	0	0	0	0	204	2	51	1	0	0
445	896	357	233	93	2210	5	0	0	29	1	80	2	306	3	153	3	0	0
446	897	366	365	74	1020	3	0	0	29	1	29	1	306	3	153	3	0	0
447	898	368	369	18	0	0	0	0	0	0	0	0	0	0	0	0	0	0
448	899	369	365	3	0	0	0	0	0	0	0	0	0	0	0	0	0	0
449	900	234	232	27	0	0	0	0	0	0	0	0	0	0	0	0	0	0
450	901	364	362	63	306	1	0	0	0	0	29	1	102	1	51	1	0	0
451	902	232	364	93	238	1	0	0	29	1	29	1	102	1	51	1	0	0
452	903	231	327	140	0	0	0	0	0	0	0	0	0	0	0	0	0	0
453	904	132	358	29	408	1	0	0	51	1	51	1	102	1	51	1	0	0
454	905	370	318	70	2244	7	1870	1	29	1	29	1	714	7	357	7	0	0
455	906	371	139	88	3910	9	0	0	374	5	374	5	714	7	867	8	0	0
456	907	372	373	129	12036	17	0	0	403	4	556	4	510	5	1224	9	1870	4
457	908	132	234	80	1156	4	0	0	0	0	0	0	408	4	204	4	0	0
458	909	373	371	189	9860	21	0	0	390	10	411	10	1632	16	1096	17	340	1
459	910	318	358	73	918	3	0	0	29	1	29	1	306	3	153	3	0	0
460	911	139	370	102	2958	9	0	0	119	4	148	5	1020	10	535	9	0	0
461	912	135	137	69	2992	9	0	0	29	1	89	3	816	8	408	8	0	0
462	913	374	321	75	2414	8	0	0	0	0	0	0	816	8	408	8	0	0
463	914	137	374	38	1020	3	0	0	0	0	59	2	306	3	153	3	0	0
464	915	374	320	63	306	1	0	0	0	0	0	0	102	1	51	1	0	0
465	916	200	134	76	8942	20	0	0	118	4	119	4	714	7	357	7	0	0
466	917	134	135	71	2448	8	0	0	0	0	0	0	816	8	408	8	0	0
467	918	375	376	79	3366	7	0	0	131	2	153	2	714	7	459	6	340	1
468	919	376	371	82	2754	5	0	0	51	1	80	2	510	5	255	5	0	0
469	920	377	376	166	7922	21	0	0	148	5	220	6	1632	16	714	14	0	0
470	921	378	377	155	12166	24	1870	1	228	7	258	8	1224	12	816	13	510	1
471	922	377	373	76	918	3	0	0	29	1	29	1	204	2	102	2	0	0
472	923	379	377	77	714	2	0	0	110	3	131	3	306	3	153	3	0	0
473	924	380	379	179	15476	22	0	0	590	8	717	11	1224	12	1887	13	1530	3
474	925	379	375	143	10472	18	0	0	318	6	433	8	816	8	918	9	850	2
475	926	142	381	258	22722	50	3740	1	1946	16	2075	19	0	0	4029	19	4113	12
476	927	302	142	214	19102	38	0	0	1020	8	952	8	0	0	4080	14	3400	8
477	928	381	317	110	10200	5	0	0	510	1	510	1	0	0	510	1	2040	2
478	929	381	382	34	6800	4	0	0	255	1	170	1	0	0	1020	2	510	1
479	930	347	240	263	16720	19	3400	2	425	2	765	3	0	0	6120	6	3060	6
480	931	149	46	35	0	0	0	0	0	0	0	0	0	0	0	0	0	0
481	932	60	149	279	44647	60	0	0	2380	10	4165	15	0	0	4508	17	6103	13
482	933	224	256	8	0	0	0	0	0	0	0	0	0	0	0	0	0	0
483	934	256	356	86	24244	14	0	0	340	2	1020	2	0	0	2040	4	4080	4
484	935	226	258	6	0	0	0	0	0	0	0	0	0	0	0	0	0	0
485	936	52	154	153	15616	14	0	0	357	2	272	2	0	0	1224	3	2380	3
486	937	154	152	95	0	0	0	0	0	0	0	0	0	0	0	0	0	0
487	938	383	384	70	23733	10	0	0	0	0	0	0	0	0	1530	3	0	0
488	939	43	383	144	22771	16	0	0	765	3	1785	4	0	0	4080	8	7650	9
489	940	383	41	51	0	0	0	0	0	0	0	0	0	0	0	0	0	0
490	941	385	386	16	0	0	0	0	0	0	0	0	0	0	0	0	0	0
491	942	155	387	62	646	2	0	0	59	2	59	2	204	2	80	2	0	0
492	943	289	388	440	11436	43	0	0	616	20	696	22	2900	42	1395	41	0	0
493	944	155	385	8	0	0	0	0	0	0	0	0	0	0	0	0	0	0
494	945	389	29	164	32770	30	0	0	765	3	1530	6	0	0	3862	15	7650	9
495	946	387	385	64	0	0	0	0	0	0	0	0	0	0	0	0	0	0
496	947	390	391	269	25455	19	0	0	595	3	527	3	0	0	2550	5	1020	2
497	948	390	392	61	0	0	0	0	0	0	0	0	0	0	0	0	0	0
498	949	388	26	10	0	0	0	0	0	0	0	0	0	0	0	0	0	0
499	951	393	390	13	0	0	0	0	0	0	0	0	0	0	0	0	0	0
500	952	392	394	64	22680	19	0	0	527	3	595	3	0	0	2550	5	1530	3
501	953	395	291	252	8772	22	0	0	407	13	561	16	2244	22	969	19	0	0
502	954	289	291	21	0	0	0	0	0	0	0	0	0	0	0	0	0	0
503	955	387	393	53	0	0	0	0	0	0	0	0	0	0	0	0	0	0
504	956	389	396	176	9180	5	0	0	0	0	0	0	0	0	0	0	0	0
505	957	393	389	13	0	0	0	0	0	0	0	0	0	0	0	0	0	0
506	958	266	395	181	3604	11	0	0	374	5	629	6	816	8	2426	10	1020	2
507	959	59	395	82	3468	6	0	0	102	1	102	1	408	4	408	5	510	1
508	960	280	59	118	4794	13	0	0	118	4	148	5	918	9	459	9	0	0
509	961	265	156	53	25242	9	3740	1	284	2	284	2	102	1	2091	3	2040	4
510	962	276	282	192	8636	13	0	0	403	4	335	4	510	5	1326	8	1360	3
511	963	280	282	15	0	0	0	0	0	0	0	0	0	0	0	0	0	0
512	964	395	156	91	1122	3	0	0	29	1	29	1	408	4	153	3	0	0
513	965	397	398	38	0	0	0	0	0	0	0	0	0	0	0	0	0	0
514	966	386	397	37	12240	6	3400	1	255	1	170	1	0	0	1020	2	1020	2
515	967	257	158	144	11112	11	0	0	425	2	765	3	0	0	2244	5	2550	5
516	968	399	397	39	2720	4	0	0	170	1	255	1	0	0	510	1	1020	2
517	969	398	388	16	0	0	0	0	0	0	0	0	0	0	0	0	0	0
518	970	386	398	8	0	0	0	0	0	0	0	0	0	0	0	0	0	0
519	971	287	399	117	14348	9	0	0	255	1	255	1	102	1	561	2	2040	2
520	972	158	287	180	7548	9	0	0	170	1	131	2	102	1	561	2	510	1
521	973	170	168	81	1938	6	0	0	29	1	59	2	612	6	284	6	0	0
522	974	288	170	80	1088	4	0	0	29	1	29	1	408	4	204	4	0	0
523	975	168	399	288	19844	53	0	0	1925	15	2131	15	816	8	4194	34	3630	12
524	976	174	59	70	306	1	0	0	0	0	0	0	102	1	51	1	0	0
525	977	174	290	184	4964	15	0	0	88	3	118	4	1530	15	663	13	0	0
526	978	400	51	71	0	0	0	0	0	0	0	0	0	0	0	0	0	0
527	980	38	401	70	10347	4	0	0	170	1	102	1	0	0	510	1	510	1
528	981	401	400	179	6208	2	0	0	0	0	0	0	0	0	0	0	0	0
529	1024	56	402	41	17221	7	0	0	199	2	199	2	102	1	51	1	0	0
530	1072	271	403	211	30291	28	0	0	1615	8	1564	7	0	0	3575	9	4420	8
531	1074	403	44	60	6208	2	0	0	170	1	102	1	0	0	510	1	1020	1
532	1091	404	405	195	13804	19	3740	1	884	6	833	6	0	0	4692	9	4080	7
533	1092	42	404	13	0	0	0	0	0	0	0	0	0	0	0	0	0	0
534	1093	272	178	82	21680	38	6800	2	1700	4	1870	4	0	0	4572	12	6120	7
535	1094	178	405	75	8394	42	0	0	3570	7	3060	6	0	0	5652	22	8160	8
536	1095	406	407	60	22491	12	0	0	527	3	459	3	0	0	1224	3	1020	2
537	1096	407	81	93	10200	7	0	0	680	3	459	3	0	0	2040	4	1530	3
538	1097	188	253	72	13605	17	0	0	102	1	102	1	0	0	204	1	510	1
539	1098	253	35	156	21716	35	0	0	1428	9	2414	10	0	0	3596	11	8330	11
540	1099	408	406	96	17093	22	0	0	1037	6	969	7	0	0	2805	7	3570	6
541	1100	408	76	25	0	0	0	0	0	0	0	0	0	0	0	0	0	0
542	1101	164	181	258	37803	29	0	0	1105	4	1530	5	0	0	2040	4	6120	7
543	1102	181	76	77	0	0	0	0	0	0	0	0	0	0	0	0	0	0
544	1103	407	188	23	10200	5	0	0	0	0	0	0	0	0	0	0	1020	2
545	1104	185	409	112	8486	14	0	0	476	4	476	4	0	0	2040	4	1530	3
546	1110	410	164	77	4860	10	0	0	102	1	170	1	0	0	510	1	1020	1
547	1111	411	183	99	16645	17	0	0	1020	4	1326	5	0	0	3909	14	1530	3
548	1112	411	412	67	15912	12	0	0	170	1	510	2	0	0	510	1	1530	3
549	1113	410	409	39	0	0	0	0	0	0	0	0	0	0	0	0	0	0
550	1114	409	411	40	8160	4	0	0	272	2	272	2	0	0	1020	2	1020	2
551	1115	413	76	149	8160	4	8500	3	170	1	102	1	0	0	510	1	510	1
552	1116	183	413	44	0	0	0	0	0	0	0	0	0	0	0	0	0	0
553	1117	408	187	76	408	1	0	0	0	0	0	0	0	0	0	0	0	0
554	1118	186	414	152	5678	15	0	0	178	6	208	7	1122	11	561	11	0	0
555	1119	406	186	98	9792	14	0	0	398	4	313	5	510	5	969	7	1020	2
556	-1	340	341	1	0	0	0	0	0	0	0	0	0	0	0	0	0	0
557	-2	345	346	1	0	0	0	0	0	0	0	0	0	0	0	0	0	0
558	-3	391	392	1	0	0	0	0	0	0	0	0	0	0	0	0	0	0
559	-4	8	9	18	0	0	0	0	0	0	0	0	0	0	0	0	0	0
560	-5	49	161	163	0	0	0	0	0	0	0	0	0	0	0	0	0	0
561	-7	76	75	93	0	0	0	0	0	0	0	0	0	0	0	0	0	0
562	-8	127	7	69	0	0	0	0	0	0	0	0	0	0	0	0	0	0
563	-9	220	215	38	0	0	0	0	0	0	0	0	0	0	0	0	0	0
564	-10	347	201	72	0	0	0	0	0	0	0	0	0	0	0	0	0	0
END					
-----------------------------------------					
InputUsedToGenerateTheGraph:					
County:	Frederiksberg				
CenterNodeId:	478				
Radius:	2000				
HouseTypes:	Normal	Summer	Apartment		
NumberOfWasteFractions: 7					
IntervalsForWasteFraction:	general	2.3	3.5	7.0	
IntervalsForWasteFraction:	glass	7.0	14.0	21.0	28.0
IntervalsForWasteFraction:	metal	7.0	14.0	28.0	56.0
IntervalsForWasteFraction:	plastic	7.0	14.0	28.0	56.0
IntervalsForWasteFraction:	organic	28.0			
IntervalsForWasteFraction:	paper	7.0	14.0	56.0	
IntervalsForWasteFraction:	cardboard	7.0	14.0		
-----------------------------------------					


