ProblemType:	MC-CARP
NumberNodes:	761
NumberEdges:	852
DepotNodeNumber:	288
NumberOfFractions:	6
NumberOfIntervalsForFraction	General	1	14
NumberOfIntervalsForFraction	Organic	1	14
NumberOfIntervalsForFraction	Plastic	1	14
NumberOfIntervalsForFraction	Glass	1	14
NumberOfIntervalsForFraction	Metal	1	14
NumberOfIntervalsForFraction	Paper	1	14
GRAPH
EdgeNumber	EdgeId	StartNodeNumber	EndNodeNumber	Cost	Demand_0	Bins_0
	Demand_1	Bins_1
	Demand_2	Bins_2
	Demand_3	Bins_3
	Demand_4	Bins_4
	Demand_5	Bins_5
START
0	0	0	1	90	219	3	63	3	70	3	8	3	23	3	92	3
1	1	0	2	124	413	4	86	4	126	4	14	4	41	4	97	4
2	2	3	4	113	413	4	103	4	118	4	15	4	40	4	323	4
3	3	5	6	31	112	1	16	1	22	1	2	1	10	1	81	1
4	4	7	5	93	663	6	159	6	200	6	25	6	67	6	426	9
5	6	8	9	50	332	4	61	4	107	4	12	4	32	4	97	4
6	7	3	10	99	195	2	45	2	58	2	6	2	19	2	11	2
7	8	11	12	66	452	5	121	5	156	5	17	5	53	5	248	4
8	9	13	14	120	1108	11	241	11	315	11	42	11	105	11	576	9
9	10	15	16	94	631	7	133	7	173	7	22	7	70	7	259	6
10	12	17	18	108	657	7	159	7	162	7	24	7	61	7	339	7
11	13	19	20	59	296	3	72	3	74	3	10	3	33	3	242	3
12	14	21	22	55	1152	12	300	12	371	12	45	12	113	12	71	13
13	15	23	24	143	0	0	0	0	0	0	0	0	0	0	0	0
14	16	25	0	97	765	7	213	7	243	7	30	7	92	7	334	6
15	17	26	25	100	318	3	61	3	63	3	10	3	33	3	242	3
16	18	1	26	99	438	4	72	4	118	4	14	4	47	4	248	4
17	19	1	27	41	511	5	113	5	139	5	18	5	52	5	27	5
18	53	28	29	190	1722	20	457	20	427	20	64	20	195	20	562	20
19	54	30	31	35	0	0	0	0	0	0	0	0	0	0	0	0
20	55	32	30	36	95	1	24	1	32	1	2	1	9	1	5	1
21	57	35	36	51	711	7	176	7	215	7	26	7	79	7	189	7
22	58	37	38	32	4164	2	1071	2	1130	2	154	2	401	2	935	3
23	59	39	40	16	234	2	58	2	47	2	7	2	20	2	11	2
24	60	41	42	74	188	2	49	2	62	2	6	2	18	2	86	2
25	61	43	44	37	475	4	92	4	131	4	17	4	50	4	172	4
26	62	45	46	10	240	2	52	2	82	2	8	2	26	2	0	0
27	63	47	48	379	416	5	75	5	106	5	14	5	44	5	253	5
28	64	46	42	203	72	1	15	1	17	1	1	1	6	1	5	1
29	67	50	51	79	109	1	17	1	26	1	2	1	8	1	5	1
30	69	53	54	37	130	1	25	1	35	1	3	1	11	1	81	1
31	70	54	55	58	541	4	91	4	119	4	17	4	48	4	97	4
32	71	53	56	37	190	2	43	2	56	2	6	2	20	2	86	2
33	77	57	58	21	107	1	24	1	20	1	2	1	9	1	81	1
34	78	59	57	34	304	3	61	3	73	3	9	3	29	3	242	3
35	90	60	61	101	0	0	0	0	0	0	0	0	0	0	0	0
36	91	60	62	50	105	1	25	1	21	1	2	1	9	1	0	0
37	92	63	64	168	1011	12	267	12	354	12	42	12	103	12	517	12
38	96	57	67	240	512	6	100	6	176	6	19	6	52	6	183	6
39	97	68	67	17	0	0	0	0	0	0	0	0	0	0	0	0
40	98	69	70	48	112	1	19	1	21	1	2	1	8	1	81	1
41	99	71	70	32	231	3	49	3	72	3	8	3	23	3	242	3
42	100	70	72	6	0	0	0	0	0	0	0	0	0	0	0	0
43	101	72	73	42	199	2	41	2	49	2	6	2	20	2	11	2
44	102	72	74	30	170	2	44	2	36	2	5	2	17	2	86	2
45	103	74	75	44	388	4	62	4	89	4	13	4	35	4	172	4
46	104	73	76	24	218	3	38	3	49	3	7	3	20	3	92	3
47	105	77	78	84	287	4	56	4	60	4	9	4	30	4	22	4
48	106	79	80	54	346	4	85	4	103	4	13	4	40	4	97	4
49	107	79	81	52	393	4	80	4	115	4	14	4	36	4	172	4
50	108	82	79	35	188	2	46	2	62	2	6	2	21	2	86	2
51	110	83	84	29	608	7	141	7	214	7	23	7	68	7	114	7
52	111	85	86	32	239	3	42	3	68	3	8	3	26	3	92	3
53	112	87	56	56	130	1	25	1	34	1	3	1	12	1	81	1
54	113	69	87	8	0	0	0	0	0	0	0	0	0	0	0	0
55	114	74	88	22	416	5	84	5	106	5	13	5	36	5	97	4
56	115	54	89	47	355	4	64	4	79	4	12	4	34	4	172	4
57	116	90	35	51	439	4	87	4	95	4	14	4	45	4	16	3
58	117	91	92	4	76	1	15	1	13	1	1	1	6	1	5	1
59	118	93	92	64	103	1	22	1	25	1	2	1	10	1	5	1
60	119	91	94	108	432	4	77	4	79	4	14	4	36	4	172	4
61	120	15	94	102	137	2	28	2	40	2	4	2	12	2	11	2
62	121	95	61	112	301	1	64	1	103	1	11	1	31	1	0	0
63	122	96	97	188	0	0	0	0	0	0	0	0	0	0	0	0
64	123	97	98	100	656	4	121	4	134	4	21	4	63	4	172	4
65	124	99	90	51	0	0	0	0	0	0	0	0	0	0	0	0
66	125	100	101	115	1153	9	310	9	297	9	44	9	134	9	363	7
67	152	102	103	6	0	0	0	0	0	0	0	0	0	0	0	0
68	153	104	105	43	256	3	46	3	48	3	8	3	25	3	92	3
69	154	106	107	23	276	3	74	3	94	3	10	3	31	3	242	3
70	155	107	108	9	101	1	18	1	31	1	2	1	10	1	81	1
71	156	109	110	17	874	9	175	9	187	9	28	9	79	9	350	9
72	157	111	112	52	515	5	134	5	131	5	18	5	52	5	328	5
73	159	102	113	39	186	2	46	2	64	2	6	2	21	2	161	2
74	160	102	115	75	331	4	89	4	122	4	13	4	40	4	172	4
75	161	116	115	39	206	2	35	2	54	2	6	2	22	2	161	2
76	162	115	112	22	102	1	23	1	26	1	2	1	9	1	81	1
77	163	112	117	44	776	7	164	7	255	7	30	7	76	7	565	7
78	164	118	119	446	732	6	137	6	215	6	27	6	71	6	253	5
79	165	120	121	9	0	0	0	0	0	0	0	0	0	0	0	0
80	166	122	123	33	80	1	10	1	14	1	1	1	6	1	5	1
81	167	122	124	41	245	3	56	3	86	3	9	3	29	3	92	3
82	168	125	68	63	76	1	14	1	14	1	1	1	6	1	81	1
83	169	126	127	38	1883	5	541	5	667	5	76	5	233	5	81	1
84	170	128	129	111	529	6	127	6	185	6	21	6	56	6	334	6
85	171	128	130	37	0	0	0	0	0	0	0	0	0	0	0	0
86	172	131	128	60	0	0	0	0	0	0	0	0	0	0	0	0
87	173	132	133	106	636	7	155	7	188	7	25	7	67	7	415	7
88	174	133	80	42	173	2	31	2	47	2	5	2	16	2	81	1
89	175	130	134	10	0	0	0	0	0	0	0	0	0	0	0	0
90	176	86	135	63	148	2	28	2	27	2	4	2	14	2	161	2
91	177	136	135	7	74	1	14	1	16	1	1	1	6	1	5	1
92	178	135	33	25	104	1	26	1	21	1	2	1	9	1	81	1
93	179	137	53	52	755	8	138	8	243	8	26	8	71	8	345	8
94	180	138	87	102	407	4	95	4	92	4	13	4	39	4	172	4
95	181	139	140	56	69	1	14	1	21	1	1	1	6	1	81	1
96	191	141	142	852	448	4	107	4	151	4	16	4	52	4	248	4
97	452	143	144	68	108	1	21	1	22	1	2	1	9	1	5	1
98	453	145	103	115	416	4	108	4	134	4	15	4	50	4	248	4
99	454	146	147	85	1728	12	285	12	317	12	57	12	146	12	1005	10
100	455	104	107	46	0	0	0	0	0	0	0	0	0	0	0	0
101	456	148	149	56	256	3	47	3	49	3	8	3	23	3	16	3
102	463	150	83	91	657	9	150	9	143	9	24	9	72	9	49	9
103	464	151	84	76	1170	13	245	13	238	13	38	13	103	13	222	13
104	610	152	153	103	2846	39	752	39	769	39	106	39	305	39	2084	37
105	712	41	154	8	0	0	0	0	0	0	0	0	0	0	0	0
106	713	38	155	9	0	0	0	0	0	0	0	0	0	0	0	0
107	714	155	41	12	0	0	0	0	0	0	0	0	0	0	0	0
108	715	154	38	8	0	0	0	0	0	0	0	0	0	0	0	0
109	823	156	157	19	0	0	0	0	0	0	0	0	0	0	0	0
110	824	157	158	16	0	0	0	0	0	0	0	0	0	0	0	0
111	825	158	156	35	0	0	0	0	0	0	0	0	0	0	0	0
112	854	160	161	83	2763	46	705	46	774	46	101	46	288	46	2048	44
113	862	162	163	90	2368	12	670	12	740	12	98	12	289	12	1053	10
114	868	164	165	27	0	0	0	0	0	0	0	0	0	0	0	0
115	869	165	166	707	845	2	178	2	225	2	30	2	82	2	0	0
116	870	167	168	125	0	0	0	0	0	0	0	0	0	0	0	0
117	871	168	169	164	0	0	0	0	0	0	0	0	0	0	0	0
118	872	169	170	163	0	0	0	0	0	0	0	0	0	0	0	0
119	873	170	167	124	0	0	0	0	0	0	0	0	0	0	0	0
120	874	170	168	11	0	0	0	0	0	0	0	0	0	0	0	0
121	875	171	172	101	0	0	0	0	0	0	0	0	0	0	0	0
122	876	172	173	159	0	0	0	0	0	0	0	0	0	0	0	0
123	877	173	174	159	0	0	0	0	0	0	0	0	0	0	0	0
124	878	174	171	101	0	0	0	0	0	0	0	0	0	0	0	0
125	879	174	172	8	0	0	0	0	0	0	0	0	0	0	0	0
126	880	175	176	71	0	0	0	0	0	0	0	0	0	0	0	0
127	884	177	175	71	0	0	0	0	0	0	0	0	0	0	0	0
128	885	177	176	7	0	0	0	0	0	0	0	0	0	0	0	0
129	886	178	179	49	0	0	0	0	0	0	0	0	0	0	0	0
130	903	182	183	115	0	0	0	0	0	0	0	0	0	0	0	0
131	904	183	184	115	0	0	0	0	0	0	0	0	0	0	0	0
132	905	184	181	84	0	0	0	0	0	0	0	0	0	0	0	0
133	906	182	184	8	0	0	0	0	0	0	0	0	0	0	0	0
134	1043	68	78	36	398	4	65	4	78	4	12	4	34	4	86	2
135	1044	123	121	36	239	3	44	3	70	3	8	3	22	3	92	3
136	1046	185	186	24	0	0	0	0	0	0	0	0	0	0	0	0
137	1048	187	133	122	179	2	37	2	35	2	5	2	16	2	86	2
138	1049	188	83	71	1624	20	380	20	530	20	63	20	174	20	481	19
139	1050	186	189	52	0	0	0	0	0	0	0	0	0	0	0	0
140	1058	190	82	7	109	1	22	1	21	1	2	1	8	1	81	1
141	1063	191	192	120	546	6	106	6	169	6	19	6	61	6	178	5
142	1064	193	191	107	1022	13	245	13	281	13	36	13	108	13	217	12
143	1065	194	195	13	158	2	41	2	51	2	5	2	17	2	0	0
144	1066	196	194	41	423	6	100	6	125	6	16	6	50	6	0	0
145	1067	197	65	100	787	8	127	8	221	8	26	8	72	8	415	7
146	1068	197	196	82	356	4	63	4	78	4	12	4	35	4	97	4
147	1069	196	191	57	213	2	42	2	43	2	6	2	19	2	161	2
148	1071	198	199	12	76	1	14	1	14	1	1	1	6	1	5	1
149	1072	200	201	46	0	0	0	0	0	0	0	0	0	0	0	0
150	1073	202	201	61	0	0	0	0	0	0	0	0	0	0	0	0
151	1075	203	200	37	332	1	66	1	71	1	11	1	30	1	0	0
152	1076	204	205	79	351	4	86	4	101	4	13	4	36	4	172	4
153	1077	206	204	115	832	8	169	8	235	8	32	8	92	8	194	8
154	1078	207	208	94	332	4	71	4	98	4	12	4	31	4	97	4
155	1079	209	208	36	425	4	92	4	111	4	15	4	46	4	248	4
156	1080	210	211	11	212	1	51	1	51	1	7	1	19	1	81	1
157	1081	212	213	247	130	1	21	1	37	1	3	1	13	1	0	0
158	1083	214	215	316	2546	27	493	27	731	27	97	27	266	27	0	0
159	1084	216	217	21	528	5	105	5	101	5	18	5	47	5	323	4
160	1085	218	219	89	978	10	190	10	219	10	34	10	92	10	582	10
161	1086	220	221	85	172	2	33	2	44	2	5	2	18	2	86	2
162	1087	222	223	36	311	3	52	3	73	3	10	3	30	3	167	3
163	1088	223	224	36	334	4	57	4	99	4	12	4	34	4	22	4
164	1089	225	222	22	338	4	60	4	95	4	12	4	31	4	97	4
165	1090	226	227	85	261	3	56	3	79	3	9	3	29	3	92	3
166	1321	162	228	86	1254	3	211	3	404	3	47	3	124	3	510	2
167	1322	229	230	25	0	0	0	0	0	0	0	0	0	0	0	0
168	1323	229	231	27	0	0	0	0	0	0	0	0	0	0	0	0
169	1324	230	232	17	0	0	0	0	0	0	0	0	0	0	0	0
170	1325	232	233	13	0	0	0	0	0	0	0	0	0	0	0	0
171	1326	233	234	15	0	0	0	0	0	0	0	0	0	0	0	0
172	1329	231	230	20	0	0	0	0	0	0	0	0	0	0	0	0
173	1339	232	236	475	0	0	0	0	0	0	0	0	0	0	0	0
174	1383	237	238	45	0	0	0	0	0	0	0	0	0	0	0	0
175	1384	239	240	347	0	0	0	0	0	0	0	0	0	0	0	0
176	1385	240	238	82	0	0	0	0	0	0	0	0	0	0	0	0
177	1386	240	241	45	0	0	0	0	0	0	0	0	0	0	0	0
178	1387	241	242	71	109	1	17	1	25	1	2	1	9	1	81	1
179	1388	241	243	72	333	3	82	3	69	3	11	3	32	3	242	3
180	1389	244	245	267	1779	4	343	4	357	4	59	4	182	4	0	0
181	1391	245	246	89	108	1	22	1	21	1	2	1	9	1	0	0
182	1392	246	247	161	0	0	0	0	0	0	0	0	0	0	0	0
183	1393	247	248	17	120	1	30	1	38	1	3	1	13	1	0	0
184	1395	249	250	68	71	1	12	1	21	1	1	1	6	1	5	1
185	1396	250	251	57	534	6	139	6	107	6	19	6	60	6	259	6
186	1399	252	253	49	0	0	0	0	0	0	0	0	0	0	0	0
187	1400	253	254	82	308	3	64	3	71	3	10	3	32	3	92	3
188	1470	227	255	73	1250	11	191	11	240	11	40	11	124	11	506	10
189	1471	256	226	116	181	2	35	2	36	2	5	2	15	2	86	2
190	1473	257	258	62	238	2	52	2	48	2	7	2	21	2	86	2
191	1474	259	260	117	0	0	0	0	0	0	0	0	0	0	0	0
192	1477	261	262	59	296	3	77	3	65	3	10	3	28	3	167	3
193	1478	261	263	52	442	5	117	5	131	5	17	5	50	5	328	5
194	1479	264	265	101	784	8	155	8	149	8	26	8	76	8	264	7
195	1481	213	266	134	109	1	21	1	20	1	2	1	10	1	81	1
196	1482	267	268	203	448	5	75	5	127	5	16	5	40	5	253	5
197	1496	269	270	49	3698	1	1098	1	1389	1	155	1	460	1	425	1
198	1502	271	272	74	3986	1	946	1	1259	1	161	1	448	1	425	1
199	1603	273	103	63	334	3	58	3	94	3	11	3	30	3	242	3
200	1604	274	275	125	0	0	0	0	0	0	0	0	0	0	0	0
201	1605	276	277	76	188	2	48	2	60	2	6	2	21	2	161	2
202	1606	278	279	472	125	1	33	1	30	1	3	1	13	1	0	0
203	1607	280	281	262	0	0	0	0	0	0	0	0	0	0	0	0
204	1609	282	62	251	0	0	0	0	0	0	0	0	0	0	0	0
205	1734	283	284	141	67	1	17	1	20	1	1	1	6	1	5	1
206	1736	285	286	523	339	4	59	4	104	4	12	4	30	4	22	4
207	1737	286	287	107	103	1	17	1	30	1	2	1	10	1	5	1
208	2037	288	289	52	543	2	101	2	131	2	18	2	49	2	336	2
209	2038	289	290	12	97	1	24	1	29	1	2	1	10	1	81	1
210	2039	10	11	63	330	4	67	4	91	4	12	4	36	4	22	4
211	2040	291	292	122	1019	11	302	11	322	11	42	11	126	11	807	10
212	2063	293	294	61	0	0	0	0	0	0	0	0	0	0	0	0
213	2064	295	296	14	1782	14	382	14	354	14	62	14	174	14	526	5
214	2065	297	298	14	171	2	35	2	45	2	5	2	16	2	11	2
215	2088	299	280	566	437	1	72	1	118	1	15	1	38	1	81	1
216	2228	236	235	610	0	0	0	0	0	0	0	0	0	0	0	0
217	2230	233	300	29	0	0	0	0	0	0	0	0	0	0	0	0
218	2231	300	234	27	0	0	0	0	0	0	0	0	0	0	0	0
219	2232	173	167	616	0	0	0	0	0	0	0	0	0	0	0	0
220	2252	301	302	84	0	0	0	0	0	0	0	0	0	0	0	0
221	2253	302	303	54	0	0	0	0	0	0	0	0	0	0	0	0
222	2254	303	304	90	0	0	0	0	0	0	0	0	0	0	0	0
223	2255	302	305	171	1110	11	246	11	332	11	41	11	107	11	356	10
224	2283	306	307	21	0	0	0	0	0	0	0	0	0	0	0	0
225	2284	307	308	74	5259	8	978	8	1477	8	204	8	580	8	0	0
226	2285	309	310	144	1124	11	203	11	305	11	38	11	124	11	130	10
227	2286	310	311	62	2142	23	390	23	467	23	75	23	199	23	202	23
228	2287	155	312	66	0	0	0	0	0	0	0	0	0	0	0	0
229	2288	312	313	58	0	0	0	0	0	0	0	0	0	0	0	0
230	2289	313	314	17	0	0	0	0	0	0	0	0	0	0	0	0
231	2290	312	315	17	74	1	13	1	17	1	1	1	6	1	5	1
232	2291	314	316	35	559	7	153	7	179	7	21	7	66	7	38	7
233	2292	314	315	69	773	10	222	10	289	10	33	10	94	10	55	10
234	2293	315	317	51	2449	24	570	24	586	24	88	24	226	24	132	24
235	2295	158	318	114	0	0	0	0	0	0	0	0	0	0	0	0
236	2296	318	319	75	5052	5	1338	5	1172	5	196	5	594	5	1766	12
237	2321	313	320	167	950	11	222	11	202	11	34	11	105	11	211	11
238	2322	40	321	28	72	1	14	1	19	1	1	1	5	1	0	0
239	2324	322	282	11	0	0	0	0	0	0	0	0	0	0	0	0
240	2531	323	324	180	242	2	44	2	51	2	7	2	22	2	161	2
241	2532	325	326	162	0	0	0	0	0	0	0	0	0	0	0	0
242	2533	327	328	108	362	4	94	4	82	4	12	4	37	4	97	4
243	2534	329	330	165	915	8	182	8	212	8	31	8	97	8	275	9
244	2535	331	332	10	149	2	22	2	33	2	4	2	13	2	11	2
245	2543	333	299	118	209	1	54	1	51	1	7	1	19	1	0	0
246	2545	335	336	51	2640	21	559	21	747	21	100	21	272	21	255	1
247	2681	179	337	108	1556	21	354	21	560	21	62	21	189	21	607	6
248	2682	303	338	179	1411	13	347	13	380	13	56	13	161	13	598	13
249	2989	339	340	13	0	0	0	0	0	0	0	0	0	0	0	0
250	2990	341	340	12	0	0	0	0	0	0	0	0	0	0	0	0
251	3115	342	176	141	227	1	36	1	49	1	7	1	21	1	5	1
252	3117	169	175	331	0	0	0	0	0	0	0	0	0	0	0	0
253	3366	330	331	255	1040	11	183	11	250	11	36	11	115	11	587	11
254	3367	343	323	17	0	0	0	0	0	0	0	0	0	0	0	0
255	3368	344	345	467	98	1	25	1	27	1	2	1	10	1	5	1
256	3415	346	347	141	721	8	188	8	213	8	27	8	75	8	345	8
257	3416	347	348	11	0	0	0	0	0	0	0	0	0	0	0	0
258	3417	348	349	33	79	1	12	1	13	1	1	1	6	1	5	1
259	3418	350	351	14	0	0	0	0	0	0	0	0	0	0	0	0
260	3419	351	352	67	665	7	148	7	205	7	25	7	79	7	490	7
261	3487	219	354	142	427	4	86	4	119	4	15	4	42	4	242	3
262	3488	354	355	46	0	0	0	0	0	0	0	0	0	0	0	0
263	3489	355	356	36	307	3	71	3	107	3	11	3	31	3	242	3
264	3590	358	359	155	0	0	0	0	0	0	0	0	0	0	0	0
265	3591	358	360	162	0	0	0	0	0	0	0	0	0	0	0	0
266	3593	360	359	39	0	0	0	0	0	0	0	0	0	0	0	0
267	3596	362	363	70	0	0	0	0	0	0	0	0	0	0	0	0
268	3604	361	364	107	0	0	0	0	0	0	0	0	0	0	0	0
269	3613	365	23	559	0	0	0	0	0	0	0	0	0	0	0	0
270	3642	366	367	821	584	7	126	7	144	7	20	7	53	7	183	6
271	3649	283	341	119	0	0	0	0	0	0	0	0	0	0	0	0
272	3651	368	369	623	201	2	49	2	40	2	6	2	19	2	86	2
273	3652	370	371	179	302	3	74	3	99	3	10	3	34	3	92	3
274	3653	372	368	164	73	1	11	1	20	1	1	1	6	1	5	1
275	3654	343	325	48	0	0	0	0	0	0	0	0	0	0	0	0
276	3655	373	344	131	417	5	74	5	96	5	14	5	45	5	103	5
277	3657	375	376	913	0	0	0	0	0	0	0	0	0	0	0	0
278	3658	377	378	663	331	3	55	3	61	3	10	3	28	3	242	3
279	3813	139	290	143	365	4	95	4	128	4	14	4	44	4	172	4
280	3814	140	379	65	76	1	14	1	14	1	1	1	6	1	5	1
281	3815	35	380	89	1465	19	288	19	502	19	54	19	148	19	521	4
282	3816	381	382	57	216	1	55	1	42	1	7	1	20	1	81	1
283	3841	383	384	138	282	3	48	3	65	3	9	3	30	3	161	2
284	4038	328	385	515	938	8	276	8	302	8	35	8	107	8	495	8
285	4039	367	386	144	168	2	42	2	42	2	5	2	15	2	81	1
286	4040	387	328	601	106	1	19	1	26	1	2	1	9	1	81	1
287	4077	388	389	15	0	0	0	0	0	0	0	0	0	0	0	0
288	4078	389	390	65	179	2	29	2	41	2	5	2	18	2	86	2
289	4079	391	390	72	475	5	102	5	105	5	17	5	49	5	253	5
290	4080	390	392	42	0	0	0	0	0	0	0	0	0	0	0	0
291	4081	393	390	72	1006	8	237	8	307	8	39	8	103	8	264	7
292	4082	394	388	43	773	10	214	10	286	10	31	10	99	10	275	9
293	4083	395	202	68	0	0	0	0	0	0	0	0	0	0	0	0
294	4084	396	397	136	1083	13	193	13	326	13	40	13	101	13	517	12
295	4085	398	388	21	98	1	25	1	28	1	2	1	9	1	81	1
296	4086	204	399	44	449	6	81	6	120	6	15	6	49	6	183	6
297	4087	400	401	18	0	0	0	0	0	0	0	0	0	0	0	0
298	4088	401	402	18	0	0	0	0	0	0	0	0	0	0	0	0
299	4089	402	403	31	122	1	28	1	39	1	3	1	12	1	81	1
300	4090	404	405	127	1019	11	174	11	241	11	35	11	95	11	431	10
301	4091	406	407	96	612	7	144	7	219	7	23	7	73	7	264	7
302	4092	12	408	76	594	6	94	6	144	6	20	6	58	6	259	6
303	4093	12	406	79	361	4	69	4	115	4	13	4	37	4	92	3
304	4094	12	409	78	409	5	67	5	121	5	14	5	44	5	178	5
305	4095	11	410	58	294	4	83	4	110	4	12	4	37	4	97	4
306	4096	406	32	77	384	4	87	4	74	4	13	4	37	4	22	4
307	4097	406	411	122	961	12	201	12	314	12	37	12	94	12	141	12
308	4098	178	30	148	593	6	104	6	174	6	20	6	61	6	178	5
309	4099	412	413	212	74	1	13	1	17	1	1	1	6	1	0	0
310	4100	414	212	21	0	0	0	0	0	0	0	0	0	0	0	0
311	4102	415	414	254	195	2	42	2	51	2	6	2	21	2	81	1
312	4103	416	412	235	741	4	172	4	190	4	27	4	77	4	242	3
313	4192	417	418	310	286	4	82	4	81	4	10	4	34	4	97	4
314	4193	418	419	130	0	0	0	0	0	0	0	0	0	0	0	0
315	4194	419	420	330	750	5	148	5	154	5	27	5	77	5	103	5
316	4195	421	3	200	3496	13	553	13	677	13	117	13	305	13	844	8
317	4196	421	8	101	672	5	119	5	153	5	24	5	61	5	409	6
318	4197	8	140	9	0	0	0	0	0	0	0	0	0	0	0	0
319	4198	417	139	49	480	5	87	5	123	5	17	5	50	5	178	5
320	4200	422	24	178	742	6	115	6	141	6	23	6	76	6	409	6
321	4357	378	423	596	346	3	88	3	125	3	13	3	40	3	167	3
322	4358	25	424	408	236	2	65	2	71	2	8	2	28	2	161	2
323	4359	425	39	23	312	4	60	4	83	4	10	4	28	4	22	4
324	4360	105	426	77	111	1	17	1	23	1	2	1	9	1	5	1
325	4362	322	96	31	0	0	0	0	0	0	0	0	0	0	0	0
326	4363	96	427	100	0	0	0	0	0	0	0	0	0	0	0	0
327	5046	385	428	398	73	1	16	1	15	1	1	1	6	1	5	1
328	5586	429	329	47	0	0	0	0	0	0	0	0	0	0	0	0
329	5587	330	367	262	966	11	239	11	305	11	36	11	103	11	361	11
330	5588	367	430	60	66	1	17	1	21	1	1	1	6	1	5	1
331	5592	372	373	127	205	2	47	2	45	2	6	2	20	2	86	2
332	5593	372	431	124	1037	11	225	11	218	11	35	11	100	11	512	11
333	5594	374	432	160	110	1	16	1	25	1	2	1	9	1	81	1
334	5595	433	377	948	497	6	133	6	107	6	18	6	53	6	22	4
335	5596	433	434	108	437	4	108	4	90	4	15	4	39	4	248	4
336	5662	434	435	213	0	0	0	0	0	0	0	0	0	0	0	0
337	5663	340	435	586	0	0	0	0	0	0	0	0	0	0	0	0
338	5664	435	436	708	587	6	88	6	120	6	19	6	53	6	183	6
339	5686	339	377	805	67	1	17	1	20	1	1	1	6	1	5	1
340	5689	370	327	32	98	1	25	1	27	1	2	1	10	1	5	1
341	5690	429	370	47	0	0	0	0	0	0	0	0	0	0	0	0
342	5691	326	429	428	3043	15	884	15	995	15	120	15	381	15	194	8
343	5748	437	438	48	0	0	0	0	0	0	0	0	0	0	0	0
344	5749	326	285	178	0	0	0	0	0	0	0	0	0	0	0	0
345	5750	373	437	104	301	3	60	3	84	3	10	3	30	3	167	3
346	5751	344	439	144	415	4	81	4	91	4	14	4	45	4	248	4
347	5752	286	433	109	0	0	0	0	0	0	0	0	0	0	0	0
348	6107	362	49	177	120	1	30	1	38	1	3	1	13	1	81	1
349	6108	440	182	214	437	4	88	4	133	4	15	4	50	4	0	0
350	6109	181	182	85	0	0	0	0	0	0	0	0	0	0	0	0
351	6113	310	249	29	0	0	0	0	0	0	0	0	0	0	0	0
352	6114	441	442	17	0	0	0	0	0	0	0	0	0	0	0	0
353	6115	443	444	211	107	1	24	1	20	1	2	1	9	1	81	1
354	6221	446	447	18	0	0	0	0	0	0	0	0	0	0	0	0
355	6222	448	449	41	0	0	0	0	0	0	0	0	0	0	0	0
356	6224	447	448	43	0	0	0	0	0	0	0	0	0	0	0	0
357	6330	450	404	49	76	1	16	1	13	1	1	1	5	1	5	1
358	6332	450	451	64	1385	9	244	9	355	9	47	9	128	9	500	9
359	6333	179	452	73	1840	17	295	17	349	17	59	17	160	17	620	17
360	6335	453	454	15	0	0	0	0	0	0	0	0	0	0	0	0
361	6440	455	456	11	0	0	0	0	0	0	0	0	0	0	0	0
362	6441	457	458	12	0	0	0	0	0	0	0	0	0	0	0	0
363	6897	418	376	53	0	0	0	0	0	0	0	0	0	0	0	0
364	6898	459	460	58	498	3	123	3	106	3	16	3	48	3	166	3
365	6899	6	461	110	0	0	0	0	0	0	0	0	0	0	0	0
366	6900	32	462	168	953	10	214	10	196	10	33	10	100	10	350	9
367	6908	463	358	310	0	0	0	0	0	0	0	0	0	0	0	0
368	6909	101	90	69	0	0	0	0	0	0	0	0	0	0	0	0
369	6911	464	465	58	130	1	33	1	25	1	3	1	13	1	0	0
370	6913	5	382	222	241	2	41	2	55	2	7	2	22	2	86	2
371	6916	101	466	44	668	2	110	2	149	2	21	2	72	2	0	0
372	6917	467	210	22	170	2	36	2	44	2	5	2	17	2	86	2
373	6918	414	468	20	0	0	0	0	0	0	0	0	0	0	0	0
374	6983	383	444	371	1983	20	494	20	478	20	75	20	200	20	787	20
375	6984	469	470	324	0	0	0	0	0	0	0	0	0	0	0	0
376	7066	179	472	87	0	0	0	0	0	0	0	0	0	0	0	0
377	7561	436	473	300	107	1	16	1	27	1	2	1	10	1	81	1
378	7721	476	474	36	198	2	43	2	47	2	6	2	21	2	86	2
379	7923	477	476	154	958	10	240	10	189	10	32	10	86	10	426	9
380	8623	478	270	72	0	0	0	0	0	0	0	0	0	0	0	0
381	8624	479	480	32	80	1	10	1	14	1	1	1	6	1	5	1
382	8625	481	482	34	0	0	0	0	0	0	0	0	0	0	0	0
383	8652	484	485	41	0	0	0	0	0	0	0	0	0	0	0	0
384	8653	485	486	34	135	2	30	2	40	2	4	2	12	2	11	2
385	8654	486	487	58	485	5	80	5	123	5	17	5	52	5	178	5
386	8655	488	484	90	190	2	27	2	34	2	5	2	16	2	86	2
387	8656	485	489	45	171	2	37	2	41	2	5	2	18	2	86	2
388	8657	486	490	120	1185	13	252	13	368	13	47	13	137	13	437	11
389	8659	268	491	32	103	1	23	1	25	1	2	1	9	1	81	1
390	8660	491	492	67	563	6	134	6	143	6	21	6	57	6	259	6
391	8661	488	493	31	1342	16	295	16	380	16	49	16	144	16	308	15
392	8662	270	494	125	4348	1	989	1	878	1	154	1	431	1	425	1
393	8670	495	496	23	0	0	0	0	0	0	0	0	0	0	0	0
394	8671	497	496	67	271	3	63	3	63	3	9	3	28	3	242	3
395	8672	498	499	36	269	4	48	4	87	4	9	4	29	4	22	4
396	8673	499	481	59	400	5	108	5	88	5	14	5	45	5	103	5
397	8674	481	479	47	193	2	40	2	59	2	6	2	17	2	11	2
398	8675	267	481	63	94	1	26	1	31	1	2	1	9	1	81	1
399	8676	500	478	36	232	2	45	2	61	2	7	2	21	2	161	2
400	8680	502	216	156	836	8	162	8	170	8	28	8	88	8	495	8
401	8681	219	224	11	0	0	0	0	0	0	0	0	0	0	0	0
402	8682	227	503	7	0	0	0	0	0	0	0	0	0	0	0	0
403	8686	226	153	34	128	1	21	1	41	1	3	1	11	1	81	1
404	8694	505	506	85	612	7	134	7	185	7	22	7	67	7	264	7
405	8695	265	507	45	77	1	13	1	15	1	1	1	5	1	81	1
406	8696	265	508	93	939	9	207	9	215	9	33	9	94	9	409	6
407	8697	509	510	32	107	1	16	1	27	1	2	1	10	1	81	1
408	8698	484	509	36	228	2	48	2	62	2	7	2	21	2	86	2
409	8699	489	294	253	330	1	54	1	81	1	11	1	34	1	0	0
410	8700	294	504	45	0	0	0	0	0	0	0	0	0	0	0	0
411	8702	221	511	67	71	1	16	1	17	1	1	1	6	1	5	1
412	8703	213	293	51	0	0	0	0	0	0	0	0	0	0	0	0
413	8773	512	189	193	0	0	0	0	0	0	0	0	0	0	0	0
414	8774	118	513	148	455	5	118	5	153	5	18	5	55	5	253	5
415	8775	514	278	74	0	0	0	0	0	0	0	0	0	0	0	0
416	8776	94	118	118	556	6	120	6	106	6	19	6	58	6	253	5
417	8777	118	515	62	231	2	55	2	48	2	7	2	25	2	86	2
418	8778	149	130	75	715	8	122	8	146	8	23	8	74	8	345	8
419	8780	134	516	147	296	4	57	4	100	4	10	4	30	4	97	4
420	8781	516	517	44	132	1	24	1	32	1	3	1	13	1	81	1
421	8782	518	149	36	71	1	13	1	21	1	1	1	5	1	5	1
422	8785	519	520	40	290	3	49	3	96	3	10	3	31	3	16	3
423	8786	521	522	39	102	1	25	1	25	1	2	1	8	1	5	1
424	8788	199	523	23	0	0	0	0	0	0	0	0	0	0	0	0
425	8789	524	400	54	185	2	50	2	64	2	6	2	18	2	86	2
426	8790	525	524	68	0	0	0	0	0	0	0	0	0	0	0	0
427	8791	526	280	11	0	0	0	0	0	0	0	0	0	0	0	0
428	8792	415	527	162	134	1	21	1	35	1	3	1	11	1	81	1
429	8793	526	528	107	0	0	0	0	0	0	0	0	0	0	0	0
430	8794	398	529	49	387	4	61	4	94	4	13	4	40	4	242	3
431	8795	389	530	50	488	5	96	5	143	5	17	5	47	5	173	4
432	8827	531	495	46	0	0	0	0	0	0	0	0	0	0	0	0
433	8828	531	497	134	513	5	135	5	173	5	19	5	53	5	404	5
434	8829	532	497	137	890	10	205	10	293	10	33	10	92	10	501	9
435	8830	533	532	13	0	0	0	0	0	0	0	0	0	0	0	0
436	8831	533	534	159	2504	27	471	27	678	27	92	27	250	27	2105	27
437	8836	535	536	52	212	2	55	2	72	2	7	2	20	2	81	1
438	8837	537	536	118	1666	15	255	15	337	15	53	15	154	15	1211	15
439	8838	538	537	13	95	1	25	1	30	1	2	1	10	1	81	1
440	8839	539	540	11	93	1	26	1	32	1	2	1	9	1	81	1
441	8843	541	489	205	0	0	0	0	0	0	0	0	0	0	0	0
442	8844	542	527	103	290	2	49	2	73	2	9	2	30	2	81	1
443	8845	502	353	68	412	4	80	4	89	4	14	4	43	4	242	3
444	8846	511	502	20	0	0	0	0	0	0	0	0	0	0	0	0
445	8847	511	543	28	165	2	32	2	55	2	5	2	15	2	86	2
446	8848	544	545	210	1905	17	465	17	375	17	70	17	177	17	1135	15
447	8850	543	544	56	0	0	0	0	0	0	0	0	0	0	0	0
448	8851	546	547	163	1078	12	234	12	310	12	39	12	116	12	593	12
449	8852	548	528	100	0	0	0	0	0	0	0	0	0	0	0	0
450	8853	549	306	89	205	2	36	2	56	2	6	2	20	2	0	0
451	8854	550	551	89	277	3	55	3	67	3	9	3	26	3	167	3
452	8855	352	346	12	0	0	0	0	0	0	0	0	0	0	0	0
453	8856	349	350	31	195	2	51	2	49	2	6	2	22	2	86	2
454	8857	552	553	175	0	0	0	0	0	0	0	0	0	0	0	0
455	8858	554	549	69	338	3	64	3	77	3	10	3	30	3	161	2
456	8860	555	541	72	255	2	58	2	59	2	8	2	28	2	161	2
457	8861	556	557	57	220	2	34	2	42	2	6	2	21	2	161	2
458	8863	536	556	22	101	1	24	1	26	1	2	1	9	1	81	1
459	8864	558	556	45	3001	37	519	37	735	37	104	37	296	37	1246	35
460	8866	471	470	20	0	0	0	0	0	0	0	0	0	0	0	0
461	8904	559	560	75	0	0	0	0	0	0	0	0	0	0	0	0
462	8907	561	364	34	0	0	0	0	0	0	0	0	0	0	0	0
463	8908	359	361	51	0	0	0	0	0	0	0	0	0	0	0	0
464	8911	562	357	65	0	0	0	0	0	0	0	0	0	0	0	0
465	8949	563	119	408	0	0	0	0	0	0	0	0	0	0	0	0
466	9312	355	564	35	931	9	230	9	214	9	34	9	104	9	334	6
467	9313	16	565	123	95	1	24	1	32	1	2	1	9	1	81	1
468	9314	16	566	187	1386	14	300	14	373	14	50	14	135	14	905	14
469	9315	565	17	77	548	5	129	5	175	5	20	5	55	5	103	5
470	9316	17	567	59	207	2	57	2	74	2	7	2	21	2	161	2
471	9378	291	570	7	0	0	0	0	0	0	0	0	0	0	0	0
472	9383	105	571	304	439	1	71	1	115	1	15	1	40	1	0	0
473	9386	571	563	51	0	0	0	0	0	0	0	0	0	0	0	0
474	9428	144	276	23	0	0	0	0	0	0	0	0	0	0	0	0
475	9695	186	126	31	0	0	0	0	0	0	0	0	0	0	0	0
476	9771	24	25	45	139	2	29	2	36	2	4	2	13	2	11	2
477	9772	572	154	25	133	1	30	1	26	1	3	1	12	1	81	1
478	9804	574	575	53	591	6	125	6	118	6	20	6	56	6	259	6
479	9805	26	574	94	598	7	103	7	152	7	21	7	53	7	114	7
480	9836	562	322	382	0	0	0	0	0	0	0	0	0	0	0	0
481	9837	322	526	518	189	2	28	2	33	2	5	2	17	2	11	2
482	9838	526	260	564	137	2	24	2	43	2	4	2	13	2	0	0
483	9902	576	301	79	2129	30	495	30	604	30	80	30	242	30	2041	29
484	9903	559	577	129	2425	38	630	38	560	38	89	38	225	38	1790	38
485	9912	578	579	82	137	2	35	2	33	2	4	2	12	2	11	2
486	9913	578	580	102	6317	10	977	10	1218	10	217	10	562	10	1120	10
487	9914	472	581	7	0	0	0	0	0	0	0	0	0	0	0	0
488	9915	581	582	73	2142	22	609	22	715	22	86	22	248	22	1551	22
489	9916	581	583	66	0	0	0	0	0	0	0	0	0	0	0	0
490	9917	583	584	84	2601	26	474	26	656	26	88	26	240	26	1949	26
491	9918	404	585	23	70	1	13	1	21	1	1	1	6	1	5	1
492	9919	585	586	85	2149	28	533	28	588	28	85	28	231	28	2035	28
493	9933	300	171	194	0	0	0	0	0	0	0	0	0	0	0	0
494	9934	172	164	408	116	1	33	1	40	1	3	1	12	1	81	1
495	9935	587	588	658	2513	6	575	6	620	6	94	6	278	6	0	0
496	9954	23	376	673	0	0	0	0	0	0	0	0	0	0	0	0
497	9955	589	417	64	99	1	22	1	30	1	2	1	9	1	81	1
498	9956	19	590	92	94	1	25	1	31	1	2	1	10	1	81	1
499	9957	591	592	49	207	2	35	2	48	2	6	2	19	2	11	2
500	9958	18	21	117	240	2	49	2	47	2	7	2	23	2	161	2
501	9959	19	18	49	0	0	0	0	0	0	0	0	0	0	0	0
502	9960	592	593	129	126	1	28	1	36	1	3	1	11	1	81	1
503	9962	22	592	132	2132	23	471	23	756	23	86	23	219	23	126	23
504	9963	6	4	23	0	0	0	0	0	0	0	0	0	0	0	0
505	9964	44	572	41	440	5	98	5	153	5	17	5	49	5	404	5
506	9965	594	288	81	527	5	124	5	123	5	18	5	58	5	328	5
507	9966	290	595	51	268	2	53	2	54	2	8	2	25	2	11	2
508	9967	595	596	55	422	1	108	1	93	1	15	1	42	1	0	0
509	9968	7	597	21	670	8	108	8	127	8	22	8	59	8	44	8
510	9970	598	291	22	0	0	0	0	0	0	0	0	0	0	0	0
511	9971	585	13	57	114	1	16	1	21	1	2	1	9	1	81	1
512	9972	477	450	33	134	1	21	1	33	1	3	1	13	1	5	1
513	9973	599	31	30	76	1	14	1	15	1	1	1	5	1	5	1
514	9974	31	600	138	1033	11	232	11	337	11	41	11	108	11	437	11
515	9975	32	601	117	955	11	210	11	225	11	33	11	90	11	431	10
516	9976	466	320	61	323	4	89	4	88	4	12	4	32	4	97	4
517	9977	320	40	27	0	0	0	0	0	0	0	0	0	0	0	0
518	9978	39	602	71	643	9	155	9	205	9	23	9	71	9	200	9
519	9979	166	45	849	0	0	0	0	0	0	0	0	0	0	0	0
520	9981	603	50	237	176	2	37	2	38	2	5	2	16	2	86	2
521	9985	604	146	58	361	3	83	3	81	3	12	3	33	3	167	3
522	9986	146	273	39	79	1	12	1	14	1	1	1	5	1	5	1
523	9987	117	109	113	1318	14	231	14	431	14	50	14	155	14	528	14
524	9988	279	563	199	98	1	20	1	32	1	2	1	10	1	0	0
525	9990	109	104	18	103	1	26	1	22	1	2	1	9	1	81	1
526	9991	117	605	42	950	10	240	10	276	10	36	10	96	10	130	10
527	9992	606	518	41	335	4	54	4	110	4	12	4	33	4	172	4
528	9994	607	516	50	426	5	68	5	110	5	13	5	38	5	178	5
529	9995	516	608	51	450	6	125	6	122	6	17	6	51	6	183	6
530	9998	518	609	37	667	7	132	7	168	7	24	7	72	7	339	7
531	10000	56	610	143	959	10	212	10	208	10	33	10	101	10	506	10
532	10201	611	100	45	539	7	131	7	130	7	20	7	56	7	38	7
533	10227	612	368	603	197	2	44	2	51	2	6	2	17	2	86	2
534	10233	51	423	661	215	2	32	2	42	2	6	2	20	2	11	2
535	10326	565	613	184	735	8	185	8	155	8	27	8	71	8	571	8
536	10327	320	614	69	1108	13	236	13	390	13	45	13	117	13	222	13
537	10367	615	472	116	1522	21	411	21	530	21	60	21	189	21	515	3
538	10385	616	617	139	3662	30	853	30	928	30	130	30	411	30	1152	28
539	10417	618	619	56	255	3	41	3	57	3	8	3	22	3	92	3
540	10422	318	620	18	0	0	0	0	0	0	0	0	0	0	0	0
541	10423	620	621	38	294	3	71	3	70	3	9	3	32	3	167	3
542	10424	622	238	117	76	1	14	1	15	1	1	1	5	1	5	1
543	10425	304	623	61	0	0	0	0	0	0	0	0	0	0	0	0
544	10426	623	624	84	0	0	0	0	0	0	0	0	0	0	0	0
545	10427	624	237	5	0	0	0	0	0	0	0	0	0	0	0	0
546	10428	237	625	81	1539	14	277	14	375	14	54	14	144	14	905	14
547	10429	624	626	178	2169	23	516	23	732	23	85	23	239	23	1776	22
548	10430	623	627	53	840	7	191	7	202	7	30	7	80	7	565	7
549	10431	304	628	151	1969	31	597	31	698	31	77	31	208	31	1787	31
550	10432	583	629	5	0	0	0	0	0	0	0	0	0	0	0	0
551	10438	591	630	40	0	0	0	0	0	0	0	0	0	0	0	0
552	10439	21	591	15	0	0	0	0	0	0	0	0	0	0	0	0
553	10440	630	631	54	470	5	135	5	160	5	18	5	59	5	253	5
554	10441	630	632	33	106	1	22	1	22	1	2	1	10	1	81	1
555	10442	633	634	52	665	6	118	6	140	6	22	6	58	6	259	6
556	10443	633	635	30	587	5	144	5	126	5	20	5	58	5	178	5
557	10488	514	105	171	0	0	0	0	0	0	0	0	0	0	0	0
558	10493	62	514	271	0	0	0	0	0	0	0	0	0	0	0	0
559	10494	636	637	41	723	8	159	8	154	8	24	8	79	8	345	8
560	10495	638	636	40	366	4	93	4	77	4	13	4	38	4	97	4
561	10496	522	636	38	209	2	41	2	45	2	6	2	22	2	161	2
562	10497	63	639	73	603	6	133	6	144	6	22	6	67	6	409	6
563	10501	121	640	89	674	8	138	8	132	8	23	8	70	8	270	8
564	10502	67	69	64	0	0	0	0	0	0	0	0	0	0	0	0
565	10503	641	73	26	317	4	65	4	70	4	9	4	32	4	97	4
566	10504	123	78	19	76	1	14	1	15	1	1	1	5	1	5	1
567	10505	642	120	62	661	7	161	7	157	7	23	7	61	7	108	6
568	10506	122	643	20	73	1	16	1	15	1	1	1	6	1	5	1
569	10507	185	644	183	0	0	0	0	0	0	0	0	0	0	0	0
570	10508	131	133	38	105	1	19	1	26	1	2	1	10	1	5	1
571	10509	134	86	33	106	1	26	1	20	1	2	1	8	1	81	1
572	10511	189	185	49	0	0	0	0	0	0	0	0	0	0	0	0
573	10512	84	120	38	464	6	99	6	141	6	17	6	44	6	183	6
574	10514	129	644	14	0	0	0	0	0	0	0	0	0	0	0	0
575	10516	645	92	77	70	1	15	1	19	1	1	1	6	1	5	1
576	10517	91	15	117	276	3	70	3	97	3	10	3	32	3	161	2
577	10518	97	646	96	0	0	0	0	0	0	0	0	0	0	0	0
578	10519	466	611	179	1188	13	263	13	297	13	43	13	130	13	372	13
579	10529	647	519	37	609	6	102	6	122	6	21	6	56	6	183	6
580	10530	648	519	38	70	1	16	1	18	1	1	1	6	1	5	1
581	10531	648	649	41	288	4	44	4	73	4	9	4	28	4	97	4
582	10532	650	651	43	375	4	58	4	69	4	11	4	31	4	172	4
583	10533	652	653	50	263	3	53	3	80	3	9	3	29	3	86	2
584	10534	522	654	36	391	4	75	4	120	4	13	4	39	4	248	4
585	10873	465	180	201	75	1	16	1	13	1	1	1	6	1	5	1
586	10874	244	42	128	0	0	0	0	0	0	0	0	0	0	0	0
587	10875	655	244	28	0	0	0	0	0	0	0	0	0	0	0	0
588	10877	52	656	508	227	1	42	1	43	1	7	1	21	1	0	0
589	10878	246	180	400	0	0	0	0	0	0	0	0	0	0	0	0
590	10894	266	657	99	885	8	206	8	206	8	32	8	91	8	345	8
591	10895	266	658	80	1302	13	323	13	400	13	49	13	136	13	673	13
592	10896	658	659	36	912	8	162	8	256	8	33	8	91	8	194	8
593	10897	659	660	35	531	5	90	5	115	5	17	5	46	5	97	4
594	10975	646	214	80	0	0	0	0	0	0	0	0	0	0	0	0
595	10999	588	164	25	0	0	0	0	0	0	0	0	0	0	0	0
596	11000	165	588	49	0	0	0	0	0	0	0	0	0	0	0	0
597	11032	661	662	23	103	1	21	1	27	1	2	1	9	1	81	1
598	11033	663	521	31	0	0	0	0	0	0	0	0	0	0	0	0
599	11034	197	663	13	0	0	0	0	0	0	0	0	0	0	0	0
600	11035	664	661	14	428	4	76	4	127	4	14	4	44	4	323	4
601	11036	523	663	40	329	3	60	3	92	3	10	3	36	3	86	2
602	11037	662	523	50	267	3	47	3	81	3	9	3	30	3	242	3
603	11038	662	665	26	862	9	154	9	270	9	32	9	85	9	501	9
604	11039	521	63	9	0	0	0	0	0	0	0	0	0	0	0	0
605	11040	648	402	42	105	1	25	1	21	1	2	1	9	1	81	1
606	11041	652	650	29	174	2	29	2	49	2	5	2	15	2	11	2
607	11042	400	650	38	228	3	51	3	74	3	8	3	22	3	167	3
608	11043	666	528	160	1236	4	248	4	386	4	44	4	118	4	0	0
609	11044	667	398	122	641	7	112	7	176	7	22	7	69	7	264	7
610	11045	668	669	39	444	4	74	4	110	4	14	4	47	4	22	4
611	11046	670	202	68	494	5	92	5	102	5	16	5	53	5	328	5
612	11047	395	397	28	321	5	75	5	110	5	12	5	35	5	27	5
613	11048	397	669	54	396	4	105	4	132	4	15	4	41	4	172	4
614	11049	671	669	5	80	1	11	1	13	1	1	1	6	1	5	1
615	11050	201	392	134	0	0	0	0	0	0	0	0	0	0	0	0
616	11051	392	672	115	120	1	27	1	41	1	3	1	13	1	81	1
617	11052	208	205	40	448	5	91	5	107	5	15	5	45	5	103	5
618	11053	673	205	53	623	6	113	6	140	6	22	6	54	6	33	6
619	11054	524	192	33	0	0	0	0	0	0	0	0	0	0	0	0
620	11055	205	192	42	0	0	0	0	0	0	0	0	0	0	0	0
621	11056	674	652	8	268	3	64	3	64	3	9	3	29	3	92	3
622	11057	210	401	38	105	1	21	1	24	1	2	1	10	1	81	1
623	11058	415	412	132	433	2	85	2	110	2	14	2	38	2	161	2
624	11059	416	468	111	0	0	0	0	0	0	0	0	0	0	0	0
625	11060	427	416	60	127	1	31	1	32	1	3	1	11	1	81	1
626	11061	427	675	107	215	1	50	1	45	1	7	1	23	1	0	0
627	11064	675	646	60	0	0	0	0	0	0	0	0	0	0	0	0
628	11340	335	676	168	939	5	196	5	197	5	32	5	90	5	1020	4
629	11347	677	331	9	79	1	11	1	15	1	1	1	5	1	5	1
630	11348	327	329	55	0	0	0	0	0	0	0	0	0	0	0	0
631	11349	371	678	107	107	1	18	1	25	1	2	1	10	1	5	1
632	11350	323	325	69	0	0	0	0	0	0	0	0	0	0	0	0
633	11352	298	679	13	159	2	40	2	53	2	5	2	15	2	5	1
634	11353	296	680	13	664	8	173	8	200	8	26	8	76	8	11	2
635	11354	293	681	42	385	4	76	4	118	4	13	4	37	4	242	3
636	11382	682	445	152	318	1	66	1	81	1	11	1	34	1	5	1
637	11383	445	141	62	0	0	0	0	0	0	0	0	0	0	0	0
638	11462	477	599	44	0	0	0	0	0	0	0	0	0	0	0	0
639	11463	599	683	74	1421	17	268	17	310	17	46	17	140	17	510	2
640	11465	13	598	61	133	1	24	1	32	1	3	1	12	1	5	1
641	11540	45	47	113	0	0	0	0	0	0	0	0	0	0	0	0
642	11541	36	43	190	2504	29	444	29	482	29	85	29	256	29	1740	29
643	11542	43	160	79	950	11	249	11	283	11	37	11	105	11	587	11
644	11619	354	220	21	0	0	0	0	0	0	0	0	0	0	0	0
645	11620	221	216	67	466	4	78	4	130	4	15	4	42	4	242	3
646	11621	258	222	94	481	6	126	6	131	6	18	6	52	6	33	6
647	11622	223	688	42	159	2	36	2	55	2	5	2	17	2	86	2
648	11623	224	503	86	456	4	95	4	117	4	16	4	47	4	172	4
649	11624	257	503	34	70	1	16	1	18	1	1	1	6	1	5	1
650	11626	444	682	91	69	1	16	1	19	1	1	1	6	1	5	1
651	11627	689	258	26	138	2	25	2	42	2	4	2	12	2	5	1
652	11630	690	547	67	628	8	175	8	189	8	23	8	73	8	345	8
653	11631	547	395	60	637	6	112	6	126	6	21	6	65	6	259	6
654	11632	691	692	52	2261	10	454	10	636	10	80	10	250	10	1020	4
655	11633	306	693	68	357	3	62	3	105	3	11	3	35	3	0	0
656	11635	550	694	287	2293	57	643	57	663	57	91	57	265	57	1829	57
657	11636	550	349	51	0	0	0	0	0	0	0	0	0	0	0	0
658	11637	306	695	67	113	1	17	1	20	1	2	1	10	1	81	1
659	11639	554	695	91	296	3	57	3	83	3	10	3	30	3	81	1
660	11874	560	301	23	0	0	0	0	0	0	0	0	0	0	0	0
661	11875	10	696	152	395	5	91	5	116	5	14	5	39	5	178	5
662	11880	280	282	516	0	0	0	0	0	0	0	0	0	0	0	0
663	11882	512	525	17	0	0	0	0	0	0	0	0	0	0	0	0
664	11883	525	281	15	0	0	0	0	0	0	0	0	0	0	0	0
665	11884	281	672	14	0	0	0	0	0	0	0	0	0	0	0	0
666	11885	672	512	17	0	0	0	0	0	0	0	0	0	0	0	0
667	11886	125	274	15	0	0	0	0	0	0	0	0	0	0	0	0
668	11887	144	697	51	208	2	41	2	46	2	6	2	22	2	161	2
669	11888	644	125	17	0	0	0	0	0	0	0	0	0	0	0	0
670	11889	274	129	18	0	0	0	0	0	0	0	0	0	0	0	0
671	11890	277	698	212	70	1	13	1	21	1	1	1	6	1	5	1
672	11891	273	699	45	66	1	17	1	21	1	1	1	6	1	81	1
673	11922	386	700	184	177	2	33	2	40	2	5	2	17	2	86	2
674	11923	700	701	482	262	3	53	3	82	3	9	3	28	3	86	2
675	11967	430	702	741	142	2	29	2	33	2	4	2	13	2	11	2
676	11968	702	434	33	0	0	0	0	0	0	0	0	0	0	0	0
677	11969	691	553	21	0	0	0	0	0	0	0	0	0	0	0	0
678	11972	552	555	19	0	0	0	0	0	0	0	0	0	0	0	0
679	11973	555	469	20	0	0	0	0	0	0	0	0	0	0	0	0
680	11974	551	552	20	0	0	0	0	0	0	0	0	0	0	0	0
681	11975	469	551	20	0	0	0	0	0	0	0	0	0	0	0	0
682	11976	548	691	19	0	0	0	0	0	0	0	0	0	0	0	0
683	11977	553	693	19	0	0	0	0	0	0	0	0	0	0	0	0
684	11978	693	548	20	0	0	0	0	0	0	0	0	0	0	0	0
685	12062	250	703	63	0	0	0	0	0	0	0	0	0	0	0	0
686	12063	160	704	46	1349	15	269	15	443	15	48	15	144	15	760	15
687	12064	703	705	8	0	0	0	0	0	0	0	0	0	0	0	0
688	12065	705	616	7	0	0	0	0	0	0	0	0	0	0	0	0
689	12066	616	703	14	0	0	0	0	0	0	0	0	0	0	0	0
690	12067	705	162	128	2721	10	449	10	512	10	91	10	267	10	1530	6
691	12068	100	99	16	0	0	0	0	0	0	0	0	0	0	0	0
692	12069	99	706	37	1360	16	332	16	451	16	53	16	167	16	314	16
693	12070	611	309	10	0	0	0	0	0	0	0	0	0	0	0	0
694	12071	309	707	33	1763	18	412	18	519	18	66	18	198	18	400	18
695	12077	285	375	523	75	1	16	1	13	1	1	1	6	1	81	1
696	12079	342	708	151	109	1	16	1	27	1	2	1	8	1	81	1
697	12081	143	604	84	100	1	20	1	30	1	2	1	10	1	5	1
698	12082	604	709	63	424	4	64	4	95	4	13	4	42	4	248	4
699	12117	710	145	9	130	1	33	1	25	1	3	1	13	1	5	1
700	12118	145	711	70	572	6	100	6	115	6	19	6	53	6	183	6
701	12157	712	554	71	278	3	58	3	62	3	9	3	27	3	86	2
702	12158	541	686	42	404	4	101	4	86	4	13	4	42	4	248	4
703	12159	713	714	77	1629	4	362	4	506	4	65	4	158	4	0	0
704	12164	507	261	31	104	1	22	1	25	1	2	1	9	1	81	1
705	12165	507	505	26	0	0	0	0	0	0	0	0	0	0	0	0
706	12166	505	504	50	126	1	27	1	37	1	3	1	11	1	81	1
707	12167	509	715	173	1107	11	191	11	227	11	37	11	113	11	651	9
708	12169	268	488	43	105	1	18	1	27	1	2	1	10	1	81	1
709	12170	491	716	85	647	6	111	6	169	6	23	6	62	6	259	6
710	12186	717	495	88	1719	18	309	18	378	18	60	18	169	18	1453	18
711	12187	532	471	44	305	3	50	3	78	3	10	3	33	3	167	3
712	12188	496	533	56	0	0	0	0	0	0	0	0	0	0	0	0
713	12189	499	298	30	70	1	14	1	20	1	1	1	6	1	5	1
714	12190	267	478	94	350	4	81	4	68	4	12	4	33	4	86	2
715	12192	718	483	116	270	3	50	3	80	3	9	3	25	3	167	3
716	12193	478	483	86	249	2	66	2	58	2	8	2	27	2	81	1
717	12194	479	296	30	177	2	29	2	43	2	5	2	18	2	86	2
718	12195	270	719	38	4373	1	854	1	1004	1	161	1	408	1	425	1
719	12203	539	557	125	1786	18	445	18	385	18	63	18	177	18	1297	17
720	12206	470	535	20	0	0	0	0	0	0	0	0	0	0	0	0
721	12525	720	721	115	1704	4	418	4	356	4	65	4	177	4	0	0
722	12526	721	61	135	0	0	0	0	0	0	0	0	0	0	0	0
723	12528	438	722	271	76	1	12	1	17	1	1	1	5	1	5	1
724	12529	722	343	127	0	0	0	0	0	0	0	0	0	0	0	0
725	12550	339	341	10	0	0	0	0	0	0	0	0	0	0	0	0
726	12554	275	277	83	0	0	0	0	0	0	0	0	0	0	0	0
727	12580	446	587	29	0	0	0	0	0	0	0	0	0	0	0	0
728	12583	447	449	11	0	0	0	0	0	0	0	0	0	0	0	0
729	12586	655	441	70	0	0	0	0	0	0	0	0	0	0	0	0
730	12587	442	463	110	0	0	0	0	0	0	0	0	0	0	0	0
731	12588	463	453	111	0	0	0	0	0	0	0	0	0	0	0	0
732	12589	442	453	15	0	0	0	0	0	0	0	0	0	0	0	0
733	12590	365	455	104	0	0	0	0	0	0	0	0	0	0	0	0
734	12591	655	456	70	0	0	0	0	0	0	0	0	0	0	0	0
735	12592	456	441	14	0	0	0	0	0	0	0	0	0	0	0	0
736	12593	365	458	103	0	0	0	0	0	0	0	0	0	0	0	0
737	12594	590	457	22	0	0	0	0	0	0	0	0	0	0	0	0
738	12595	590	454	22	0	0	0	0	0	0	0	0	0	0	0	0
739	12596	454	457	14	0	0	0	0	0	0	0	0	0	0	0	0
740	12597	458	455	14	0	0	0	0	0	0	0	0	0	0	0	0
741	12672	2	594	23	0	0	0	0	0	0	0	0	0	0	0	0
742	12673	2	589	24	0	0	0	0	0	0	0	0	0	0	0	0
743	12674	594	589	21	0	0	0	0	0	0	0	0	0	0	0	0
744	12675	461	459	67	0	0	0	0	0	0	0	0	0	0	0	0
745	12680	49	440	204	0	0	0	0	0	0	0	0	0	0	0	0
746	12681	440	723	225	2443	12	402	12	587	12	84	12	216	12	0	0
747	12682	363	156	107	0	0	0	0	0	0	0	0	0	0	0	0
748	12683	620	28	57	0	0	0	0	0	0	0	0	0	0	0	0
749	12684	724	159	204	98	1	26	1	27	1	2	1	9	1	5	1
750	12685	178	28	104	166	2	37	2	48	2	5	2	16	2	11	2
751	12706	334	725	366	401	2	88	2	133	2	15	2	43	2	0	0
752	12709	725	259	13	0	0	0	0	0	0	0	0	0	0	0	0
753	12710	726	333	14	0	0	0	0	0	0	0	0	0	0	0	0
754	12711	725	726	13	0	0	0	0	0	0	0	0	0	0	0	0
755	12712	259	333	14	0	0	0	0	0	0	0	0	0	0	0	0
756	12831	321	727	20	346	5	86	5	77	5	11	5	33	5	0	0
757	12832	728	321	24	141	2	29	2	38	2	3	2	11	2	255	1
758	12833	249	36	115	0	0	0	0	0	0	0	0	0	0	0	0
759	12834	363	382	228	0	0	0	0	0	0	0	0	0	0	0	0
760	12835	50	729	244	130	1	28	1	31	1	3	1	12	1	81	1
761	12839	60	720	24	0	0	0	0	0	0	0	0	0	0	0	0
762	12840	194	730	169	2621	12	465	12	808	12	98	12	284	12	1020	4
763	12950	459	4	62	0	0	0	0	0	0	0	0	0	0	0	0
764	13050	152	731	40	494	6	99	6	151	6	17	6	55	6	108	6
765	13076	141	732	559	71	1	15	1	18	1	1	1	6	1	0	0
766	13126	482	335	40	0	0	0	0	0	0	0	0	0	0	0	0
767	13138	567	568	52	129	1	25	1	35	1	3	1	12	1	81	1
768	13139	567	684	50	188	2	27	2	36	2	5	2	16	2	11	2
769	13140	560	733	49	0	0	0	0	0	0	0	0	0	0	0	0
770	13141	733	734	109	945	10	233	10	330	10	36	10	114	10	506	10
771	13142	733	735	100	657	6	129	6	173	6	23	6	72	6	259	6
772	13234	570	559	129	99	1	22	1	30	1	2	1	9	1	5	1
773	13249	18	252	73	0	0	0	0	0	0	0	0	0	0	0	0
774	13250	253	633	158	1644	16	345	16	420	16	61	16	165	16	760	15
775	13251	736	737	127	974	9	263	9	241	9	37	9	100	9	275	9
776	13258	252	736	45	208	2	50	2	41	2	6	2	18	2	86	2
777	13259	736	738	38	263	2	59	2	52	2	8	2	26	2	86	2
778	13260	621	739	82	1044	10	258	10	215	10	36	10	96	10	431	10
779	13261	621	740	83	0	0	0	0	0	0	0	0	0	0	0	0
780	13262	740	741	49	635	6	112	6	183	6	22	6	60	6	183	6
781	13263	742	618	25	196	2	34	2	58	2	6	2	21	2	11	2
782	13264	742	743	33	158	2	40	2	54	2	5	2	15	2	86	2
783	13265	744	742	26	100	1	25	1	25	1	2	1	10	1	5	1
784	13266	745	744	28	140	2	35	2	28	2	4	2	14	2	5	1
785	13268	629	745	31	69	1	15	1	21	1	1	1	5	1	5	1
786	13269	618	746	32	210	2	41	2	47	2	6	2	19	2	11	2
787	13270	745	747	33	204	2	35	2	59	2	6	2	19	2	161	2
788	13271	744	748	29	200	2	51	2	47	2	6	2	19	2	161	2
789	13272	627	749	50	909	8	245	8	307	8	34	8	95	8	646	8
790	13273	627	750	23	123	1	32	1	34	1	3	1	12	1	81	1
791	13276	239	751	51	1692	21	501	21	631	21	67	21	212	21	567	21
792	-13	545	543	1	0	0	0	0	0	0	0	0	0	0	0	0
793	-16	676	482	1	0	0	0	0	0	0	0	0	0	0	0	0
794	-19	698	275	1	0	0	0	0	0	0	0	0	0	0	0	0
795	-20	739	740	1	0	0	0	0	0	0	0	0	0	0	0	0
796	-21	49	52	731	0	0	0	0	0	0	0	0	0	0	0	0
797	-22	7	461	122	0	0	0	0	0	0	0	0	0	0	0	0
798	-25	159	236	435	0	0	0	0	0	0	0	0	0	0	0	0
799	-28	159	229	121	0	0	0	0	0	0	0	0	0	0	0	0
800	-31	180	181	378	0	0	0	0	0	0	0	0	0	0	0	0
801	-32	126	189	75	0	0	0	0	0	0	0	0	0	0	0	0
802	-33	234	231	32	0	0	0	0	0	0	0	0	0	0	0	0
803	-34	235	561	607	0	0	0	0	0	0	0	0	0	0	0	0
804	-35	235	361	650	0	0	0	0	0	0	0	0	0	0	0	0
805	-36	334	726	376	0	0	0	0	0	0	0	0	0	0	0	0
806	-39	168	446	361	0	0	0	0	0	0	0	0	0	0	0	0
807	-40	177	445	498	0	0	0	0	0	0	0	0	0	0	0	0
808	-42	282	357	383	0	0	0	0	0	0	0	0	0	0	0	0
809	-44	360	357	208	0	0	0	0	0	0	0	0	0	0	0	0
810	-45	374	368	340	0	0	0	0	0	0	0	0	0	0	0	0
811	-46	183	448	594	0	0	0	0	0	0	0	0	0	0	0	0
812	-47	449	656	50	0	0	0	0	0	0	0	0	0	0	0	0
813	-48	46	180	776	0	0	0	0	0	0	0	0	0	0	0	0
814	-49	471	535	38	0	0	0	0	0	0	0	0	0	0	0	0
815	-51	578	276	52	0	0	0	0	0	0	0	0	0	0	0	0
816	-52	238	51	397	0	0	0	0	0	0	0	0	0	0	0	0
817	-53	483	271	77	0	0	0	0	0	0	0	0	0	0	0	0
818	-55	342	52	220	0	0	0	0	0	0	0	0	0	0	0	0
819	-56	504	353	201	0	0	0	0	0	0	0	0	0	0	0	0
820	-58	239	157	355	0	0	0	0	0	0	0	0	0	0	0	0
821	-59	562	364	52	0	0	0	0	0	0	0	0	0	0	0	0
822	-62	561	214	174	0	0	0	0	0	0	0	0	0	0	0	0
823	-63	468	212	39	0	0	0	0	0	0	0	0	0	0	0	0
824	-65	259	714	245	0	0	0	0	0	0	0	0	0	0	0	0
825	-66	33	34	2	0	0	0	0	0	0	0	0	0	0	0	0
826	56	752	34	159	579	7	140	7	206	7	23	7	72	7	264	7
827	-73	33	752	1	0	0	0	0	0	0	0	0	0	0	0	0
828	-67	65	66	2	0	0	0	0	0	0	0	0	0	0	0	0
829	95	753	66	203	419	5	84	5	98	5	13	5	41	5	97	4
830	-74	65	753	1	0	0	0	0	0	0	0	0	0	0	0	0
831	-68	113	114	2	0	0	0	0	0	0	0	0	0	0	0	0
832	158	754	114	96	986	9	166	9	221	9	32	9	91	9	490	7
833	-75	113	754	1	0	0	0	0	0	0	0	0	0	0	0	0
834	-69	474	475	2	0	0	0	0	0	0	0	0	0	0	0	0
835	7720	755	475	74	331	3	78	3	78	3	10	3	30	3	92	3
836	-76	474	755	1	0	0	0	0	0	0	0	0	0	0	0	0
837	-54	500	501	73	0	0	0	0	0	0	0	0	0	0	0	0
838	8677	756	501	205	1517	16	405	16	412	16	56	16	152	16	760	15
839	-77	500	756	1	0	0	0	0	0	0	0	0	0	0	0	0
840	-70	568	569	2	0	0	0	0	0	0	0	0	0	0	0	0
841	9317	757	569	67	500	5	99	5	138	5	17	5	45	5	404	5
842	-78	568	757	1	0	0	0	0	0	0	0	0	0	0	0	0
843	-60	37	573	117	0	0	0	0	0	0	0	0	0	0	0	0
844	9800	758	573	158	4449	4	1062	4	1020	4	160	4	483	4	850	2
845	-79	37	758	1	0	0	0	0	0	0	0	0	0	0	0	0
846	-71	684	685	2	0	0	0	0	0	0	0	0	0	0	0	0
847	11484	759	685	63	600	5	101	5	121	5	20	5	51	5	103	5
848	-80	684	759	1	0	0	0	0	0	0	0	0	0	0	0	0
849	-72	686	687	2	0	0	0	0	0	0	0	0	0	0	0	0
850	11585	760	687	280	1173	13	228	13	261	13	43	13	123	13	372	13
851	-81	686	760	1	0	0	0	0	0	0	0	0	0	0	0	0
END				
-----------------------------------------				
InputUsedToGenerateTheGraph:				
County:	Odense			
CenterNodeId:	2803			
Radius:	4000			
HouseTypes:	Normal	Summer	Apartment	
NumberOfWasteFractions: 2				
IntervalsForWasteFraction:	paper	14.0	28.0	
IntervalsForWasteFraction:	general	3.5	7.0	14.0
-----------------------------------------				


