ProblemType:	MC-CARP
NumberNodes:	394
NumberEdges:	422
DepotNodeNumber:	28
NumberOfFractions:	3
NumberOfIntervalsForFraction	General_Organic	1	14
NumberOfIntervalsForFraction	Glass_Metal_Plastic	1	14
NumberOfIntervalsForFraction	Paper	1	14
GRAPH
EdgeNumber	EdgeId	StartNodeNumber	EndNodeNumber	Cost	Demand_0	Bins_0
	Demand_1	Bins_1
	Demand_2	Bins_2
START
0	197	0	1	44	230	2	93	2	0	0
1	198	1	2	15	0	0	0	0	0	0
2	199	3	4	102	780	6	274	6	110	3
3	200	4	5	48	120	1	42	1	40	1
4	262	6	7	194	157	1	47	1	40	1
5	459	8	9	259	70	1	24	1	0	0
6	461	10	11	13	120	1	42	1	0	0
7	701	12	13	110	0	0	0	0	0	0
8	757	14	15	142	382	3	145	3	102	2
9	758	15	16	122	288	2	78	2	0	0
10	830	14	17	22	0	0	0	0	0	0
11	831	17	16	113	471	4	175	4	204	4
12	834	18	19	105	123	1	39	1	40	1
13	835	19	15	51	317	2	91	2	80	2
14	912	20	21	299	0	0	0	0	0	0
15	913	20	22	185	0	0	0	0	0	0
16	914	21	23	130	124	1	38	1	51	1
17	955	24	25	67	0	0	0	0	0	0
18	956	26	27	350	121	1	41	1	0	0
19	1023	28	29	958	7611	20	2438	20	459	9
20	1024	30	31	303	119	1	43	1	51	1
21	1025	32	33	142	0	0	0	0	0	0
22	1026	34	35	153	120	1	42	1	0	0
23	1027	36	37	240	0	0	0	0	0	0
24	1028	38	39	220	860	7	245	7	102	2
25	1029	40	38	335	262	1	78	1	40	1
26	1030	40	36	201	244	2	79	2	102	2
27	1031	36	41	470	0	0	0	0	0	0
28	1032	42	43	81	864	7	267	7	102	2
29	1033	43	39	78	830	3	311	3	102	2
30	1034	43	44	143	664	5	187	5	204	4
31	1136	45	46	338	0	0	0	0	0	0
32	1277	47	48	292	243	2	80	2	0	0
33	1279	49	50	175	947	8	388	8	255	5
34	1280	50	51	11	0	0	0	0	0	0
35	1281	51	52	94	376	3	109	3	51	1
36	1282	52	53	81	254	2	69	2	51	1
37	1283	53	54	104	77	1	17	1	51	1
38	1285	55	56	1296	118	1	44	1	51	1
39	1286	50	57	43	414	3	113	3	153	3
40	1287	51	58	33	248	2	75	2	51	1
41	1288	52	59	48	284	2	82	2	0	0
42	1289	46	60	344	0	0	0	0	0	0
43	1290	46	12	59	0	0	0	0	0	0
44	1291	56	61	27	0	0	0	0	0	0
45	1292	61	62	248	0	0	0	0	0	0
46	1293	63	64	39	0	0	0	0	0	0
47	1298	65	66	437	0	0	0	0	0	0
48	1299	67	65	127	149	1	55	1	51	1
49	1300	65	68	83	0	0	0	0	0	0
50	1301	69	26	283	125	1	37	1	0	0
51	1302	70	10	98	150	1	54	1	0	0
52	1303	20	70	135	464	4	140	4	153	3
53	1304	70	63	51	70	1	24	1	51	1
54	1336	48	71	21	0	0	0	0	0	0
55	1346	49	72	13	0	0	0	0	0	0
56	1473	73	74	136	0	0	0	0	0	0
57	1474	75	76	143	0	0	0	0	0	0
58	1475	77	78	71	505	4	141	4	51	1
59	1484	79	77	384	0	0	0	0	0	0
60	1486	33	80	169	0	0	0	0	0	0
61	1575	45	81	148	128	1	34	1	51	1
62	1577	82	23	161	373	3	112	3	153	3
63	1578	23	83	513	0	0	0	0	0	0
64	1579	82	21	75	122	1	40	1	51	1
65	1654	25	27	237	126	1	36	1	0	0
66	1655	27	41	238	154	1	50	1	51	1
67	1657	84	85	233	368	2	118	2	51	1
68	1658	86	87	40	240	2	83	2	0	0
69	1659	86	88	764	237	2	86	2	51	1
70	1660	24	84	86	122	1	40	1	51	1
71	1661	41	89	345	0	0	0	0	0	0
72	1894	90	91	328	155	1	49	1	51	1
73	1906	92	67	232	0	0	0	0	0	0
74	1909	93	94	300	0	0	0	0	0	0
75	1910	94	66	176	118	1	44	1	0	0
76	1921	83	95	172	0	0	0	0	0	0
77	1922	96	97	69	0	0	0	0	0	0
78	1923	98	99	40	304	3	113	3	153	3
79	1971	85	100	309	0	0	0	0	0	0
80	1972	100	101	10	0	0	0	0	0	0
81	1974	102	103	1374	0	0	0	0	0	0
82	2303	105	106	470	922	7	320	7	327	4
83	2304	90	103	209	71	1	23	1	0	0
84	2305	103	105	67	129	1	33	1	0	0
85	2306	107	108	141	0	0	0	0	0	0
86	2307	108	109	40	0	0	0	0	0	0
87	2338	110	111	64	1097	7	340	7	51	1
88	2339	112	113	43	472	3	149	3	0	0
89	2340	113	110	37	287	2	79	2	0	0
90	2341	114	115	110	663	4	204	4	142	3
91	2342	115	112	73	0	0	0	0	0	0
92	2343	116	114	157	0	0	0	0	0	0
93	2345	117	118	41	0	0	0	0	0	0
94	2346	118	119	66	0	0	0	0	0	0
95	2347	120	121	32	1664	2	580	2	140	1
96	2348	121	122	34	0	0	0	0	140	1
97	2349	117	123	23	0	0	0	0	0	0
98	2350	123	120	20	127	1	35	1	0	0
99	2351	124	125	8	0	0	0	0	0	0
100	2352	125	126	46	520	3	143	3	0	0
101	2731	127	128	95	592	5	216	5	0	0
102	2858	129	130	84	96	1	23	1	51	1
103	2862	62	131	179	127	1	35	1	0	0
104	2863	132	133	76	89	1	30	1	0	0
105	2878	64	134	136	125	1	37	1	51	1
106	2879	135	136	99	307	2	101	2	0	0
107	2881	95	137	294	119	1	43	1	0	0
108	2882	97	138	112	74	1	20	1	0	0
109	2883	97	139	176	257	2	66	2	51	1
110	2885	140	141	111	130	1	32	1	51	1
111	2886	142	143	71	155	1	49	1	51	1
112	2887	144	145	74	265	1	75	1	51	1
113	2911	146	147	35	72	1	22	1	0	0
114	3010	60	148	68	119	1	43	1	51	1
115	3300	149	150	180	129	1	33	1	0	0
116	3309	151	152	287	127	1	35	1	51	1
117	3311	153	154	176	126	1	36	1	51	1
118	3312	155	156	140	161	1	43	1	0	0
119	3389	157	158	174	119	1	43	1	0	0
120	3391	159	89	32	0	0	0	0	0	0
121	3392	89	157	170	0	0	0	0	0	0
122	3653	160	102	232	0	0	0	0	0	0
123	3654	34	129	60	0	0	0	0	0	0
124	3655	129	32	347	287	2	79	2	51	1
125	3656	161	162	132	129	1	33	1	51	1
126	3662	61	142	456	0	0	0	0	0	0
127	3663	142	76	27	0	0	0	0	0	0
128	3664	163	75	485	157	1	47	1	51	1
129	3665	76	164	609	270	2	96	2	191	2
130	3666	164	140	280	123	1	39	1	51	1
131	3677	166	167	694	247	1	93	1	0	0
132	3678	167	168	7	0	0	0	0	0	0
133	3679	169	36	1233	1449	9	490	9	335	7
134	3742	94	170	98	128	1	34	1	0	0
135	3873	171	172	64	157	1	47	1	51	1
136	3875	66	173	76	120	1	42	1	0	0
137	3876	92	174	111	118	1	44	1	0	0
138	3880	175	176	97	119	1	43	1	0	0
139	3882	177	178	126	232	2	91	2	51	1
140	3883	179	180	60	77	1	17	1	0	0
141	3884	102	181	33	157	1	47	1	0	0
142	3885	101	182	104	156	1	48	1	0	0
143	3886	100	183	75	91	1	28	1	0	0
144	3887	164	184	302	126	1	36	1	0	0
145	3889	185	186	99	126	1	36	1	51	1
146	3890	187	188	80	150	1	54	1	51	1
147	4159	189	190	82	543	4	146	4	70	2
148	4160	189	191	45	304	3	113	3	59	2
149	4161	192	189	44	386	3	99	3	51	1
150	4162	126	193	134	458	4	188	4	0	0
151	4165	120	193	40	127	1	35	1	0	0
152	4298	194	195	34	0	0	0	0	0	0
153	4366	196	197	74	332	3	110	3	102	2
154	4469	198	199	130	0	0	0	0	0	0
155	4470	199	200	235	199	2	56	2	0	0
156	4557	201	175	860	1337	12	423	12	357	7
157	4558	175	202	137	396	4	114	4	193	4
158	4559	202	203	657	127	1	35	1	51	1
159	4560	202	204	216	0	0	0	0	0	0
160	4561	204	146	274	0	0	0	0	0	0
161	4562	146	104	105	0	0	0	0	0	0
162	4563	104	205	198	0	0	0	0	0	0
163	4564	206	60	450	0	0	0	0	0	0
164	4566	207	179	60	0	0	0	0	0	0
165	4567	179	208	86	0	0	0	0	0	0
166	4580	209	210	55	257	1	83	1	51	1
167	4581	211	209	82	517	2	163	2	0	0
168	4582	212	211	41	129	1	33	1	51	1
169	4583	211	213	34	0	0	0	0	0	0
170	4585	171	212	112	127	1	35	1	51	1
171	4586	135	214	244	0	0	0	0	0	0
172	4587	22	135	157	0	0	0	0	0	0
173	4588	22	132	425	0	0	0	0	0	0
174	4589	132	215	496	124	1	38	1	51	1
175	4590	215	187	267	122	1	40	1	51	1
176	4591	29	40	792	187	2	68	2	51	1
177	4596	216	217	149	1128	6	335	6	0	0
178	4597	217	218	83	770	6	199	6	91	2
179	4612	219	209	45	0	0	0	0	0	0
180	4613	220	221	190	264	2	102	2	102	2
181	4614	221	222	30	0	0	0	0	0	0
182	4615	223	185	126	0	0	0	0	0	0
183	4616	185	224	526	0	0	0	0	0	0
184	4651	91	225	80	130	1	32	1	51	1
185	4682	17	226	63	367	2	135	2	51	1
186	4683	19	227	125	127	1	35	1	51	1
187	4684	107	228	169	121	1	41	1	51	1
188	4685	108	229	74	131	1	31	1	51	1
189	5001	109	24	255	0	0	0	0	0	0
190	5002	109	230	111	249	1	91	1	51	1
191	5003	107	231	502	121	1	41	1	51	1
192	5004	231	232	69	149	1	55	1	0	0
193	5961	233	4	32	119	1	43	1	0	0
194	6018	234	235	14	788	6	224	6	140	4
195	6020	236	144	281	0	0	0	0	0	0
196	6024	237	238	37	717	7	286	7	29	1
197	6025	237	239	16	123	1	39	1	0	0
198	6056	240	241	36	356	3	129	3	0	0
199	6057	242	243	286	334	3	83	3	0	0
200	6058	244	234	28	248	2	75	2	0	0
201	6060	194	245	36	482	4	164	4	0	0
202	6061	246	194	20	126	1	36	1	0	0
203	6062	247	248	9	0	0	0	0	0	0
204	6125	208	249	119	123	1	39	1	0	0
205	6143	165	250	357	125	1	37	1	0	0
206	6144	251	242	107	568	4	189	4	0	0
207	6145	242	252	80	0	0	0	0	0	0
208	6146	252	253	371	200	2	55	2	51	1
209	6147	254	251	3	0	0	0	0	0	0
210	6148	254	255	38	242	2	81	2	51	1
211	6149	256	240	31	131	1	31	1	0	0
212	6150	240	257	150	1362	11	372	11	121	3
213	6151	207	258	41	0	0	0	0	0	0
214	6152	258	116	119	0	0	0	0	0	0
215	6153	258	259	69	852	5	330	5	51	1
216	6186	165	247	126	185	2	70	2	0	0
217	6198	8	260	544	0	0	0	0	0	0
218	6199	261	256	79	624	5	226	5	29	1
219	6201	262	263	165	75	1	19	1	0	0
220	6224	126	264	11	0	0	0	0	0	0
221	6275	260	265	55	131	1	31	1	0	0
222	6540	266	267	133	126	1	36	1	0	0
223	6541	268	92	860	0	0	0	0	0	0
224	6622	266	168	29	0	0	0	0	0	0
225	6704	93	269	215	121	1	41	1	0	0
226	6808	268	169	381	0	0	0	0	0	0
227	6925	270	268	155	0	0	0	0	0	0
228	6940	271	171	2120	0	0	0	0	0	0
229	7029	195	272	40	531	4	200	4	0	0
230	7115	270	271	480	130	1	32	1	51	1
231	7126	112	273	62	677	4	190	4	102	2
232	7339	87	196	29	370	3	115	3	102	2
233	7340	196	42	33	125	1	37	1	51	1
234	7425	274	127	178	2267	12	794	12	51	1
235	7426	127	3	8	0	0	0	0	0	0
236	7634	275	68	395	231	2	92	2	0	0
237	8169	275	276	435	398	3	129	3	102	2
238	8170	276	277	264	258	2	65	2	51	1
239	8171	276	278	420	73	1	21	1	51	1
240	8348	279	14	159	503	4	143	4	161	4
241	8369	280	281	82	608	5	200	5	29	1
242	8370	281	282	13	0	0	0	0	0	0
243	8371	282	283	134	354	3	131	3	0	0
244	8373	284	285	87	251	2	72	2	40	1
245	8374	286	287	704	424	4	154	4	51	1
246	8567	288	144	124	0	0	0	0	0	0
247	8568	73	262	429	0	0	0	0	0	0
248	8570	288	289	497	0	0	0	0	0	0
249	8572	5	290	77	148	1	56	1	0	0
250	8573	290	192	109	131	1	31	1	0	0
251	8574	291	284	93	1273	7	351	7	142	3
252	8575	280	254	31	485	4	161	4	0	0
253	8582	285	292	89	148	1	56	1	0	0
254	8583	292	293	82	0	0	0	0	0	0
255	8584	293	198	32	131	1	31	1	0	0
256	8585	198	7	841	0	0	0	0	0	0
257	8586	294	295	87	726	6	201	6	0	0
258	8587	295	246	183	1858	15	701	15	110	3
259	8588	295	244	92	706	6	263	6	0	0
260	8589	119	294	49	480	4	166	4	0	0
261	8590	294	290	318	3116	23	862	23	191	5
262	8591	296	124	29	0	0	0	0	0	0
263	8592	264	274	61	1455	5	492	5	163	1
264	8593	297	261	134	1695	12	532	12	102	2
265	8594	118	256	160	1410	12	528	12	129	4
266	8595	239	298	32	120	1	42	1	0	0
267	8596	124	299	61	592	5	216	5	29	1
268	8597	291	237	79	1189	4	452	4	80	2
269	8598	293	300	168	1730	14	574	14	339	7
270	8599	292	301	125	1678	13	464	13	40	1
271	8600	285	302	119	1621	12	522	12	29	1
272	8601	303	177	231	980	8	355	8	80	2
273	8602	304	282	78	0	0	0	0	0	0
274	8603	283	304	166	128	1	34	1	0	0
275	8604	304	251	100	548	5	217	5	51	1
276	8605	264	281	134	1136	10	479	10	51	1
277	8614	218	2	138	761	6	208	6	0	0
278	8615	291	296	22	1103	2	369	2	40	1
279	8633	114	305	60	126	1	36	1	0	0
280	8718	119	116	71	0	0	0	0	0	0
281	8720	296	306	105	254	2	69	2	0	0
282	8721	306	117	36	0	0	0	0	0	0
283	8722	207	307	71	991	1	319	1	163	1
284	8788	289	308	167	0	0	0	0	0	0
285	8825	274	280	17	0	0	0	0	0	0
286	8901	284	309	88	743	6	226	6	59	2
287	8902	309	303	51	553	4	178	4	70	2
288	8934	263	288	94	0	0	0	0	0	0
289	8940	250	310	238	0	0	0	0	0	0
290	8985	308	311	97	73	1	21	1	0	0
291	8986	310	200	114	0	0	0	0	0	0
292	8987	310	312	337	128	1	34	1	0	0
293	8992	248	313	124	195	2	60	2	0	0
294	8993	71	314	241	127	1	35	1	29	1
295	8994	314	315	172	119	1	43	1	51	1
296	8995	289	316	188	72	1	22	1	0	0
297	9006	218	317	53	122	1	40	1	0	0
298	9007	317	287	900	1452	5	436	5	51	1
299	9008	317	318	71	123	1	39	1	0	0
300	9138	263	319	259	476	1	179	1	0	0
301	9139	314	265	107	155	1	49	1	0	0
302	9140	303	260	458	1452	6	410	6	70	2
303	9152	7	236	241	119	1	43	1	0	0
304	9419	168	270	106	523	2	157	2	0	0
305	9622	214	320	48	0	0	0	0	0	0
306	9623	321	322	132	0	0	0	0	0	0
307	9624	323	62	296	0	0	0	0	0	0
308	9687	324	325	73	297	2	111	2	102	2
309	9688	27	326	222	0	0	0	0	0	0
310	9752	47	327	578	202	2	79	2	91	2
311	9754	328	82	63	256	2	67	2	102	2
312	9755	328	329	114	466	4	180	4	153	3
313	9756	328	213	73	655	5	195	5	102	2
314	9767	155	13	20	0	0	0	0	0	0
315	9768	320	96	379	0	0	0	0	0	0
316	9769	330	206	43	123	1	39	1	51	1
317	9770	205	331	21	244	2	79	2	51	1
318	9771	28	332	655	162	1	42	1	51	1
319	9772	153	286	708	0	0	0	0	0	0
320	9802	83	12	702	0	0	0	0	0	0
321	9803	333	69	121	0	0	0	0	0	0
322	9826	334	335	75	2958	3	970	3	0	0
323	9827	336	98	66	410	3	117	3	102	2
324	9828	37	336	69	262	2	104	2	51	1
325	9829	336	337	222	2086	15	762	15	459	9
326	9830	338	224	492	246	2	77	2	0	0
327	9840	79	339	153	256	2	67	2	0	0
328	9843	72	340	150	1279	10	336	10	448	9
329	9844	341	342	56	501	4	145	4	204	4
330	9872	343	344	137	1389	5	532	5	102	2
331	9873	344	201	82	498	4	148	4	102	2
332	9875	334	203	511	0	0	0	0	0	0
333	9876	334	219	229	0	0	0	0	0	0
334	9877	219	212	3	0	0	0	0	0	0
335	9878	72	54	258	826	7	305	7	204	4
336	9879	55	322	259	346	3	139	3	102	2
337	9880	54	341	87	359	3	126	3	51	1
338	9881	341	55	23	0	0	0	0	0	0
339	9882	338	74	504	121	1	41	1	51	1
340	9883	85	326	69	123	1	39	1	51	1
341	9884	326	159	291	577	5	163	5	0	0
342	9885	324	86	33	127	1	35	1	40	1
343	9886	37	38	16	0	0	0	0	0	0
344	9887	42	345	53	1870	5	536	5	331	3
345	9888	345	337	52	118	1	44	1	0	0
346	9889	346	90	606	539	2	184	2	51	1
347	9890	88	346	280	0	0	0	0	0	0
348	9895	79	347	69	0	0	0	0	0	0
349	9900	348	349	128	122	1	40	1	51	1
350	9901	350	149	251	0	0	0	0	0	0
351	9902	149	222	519	248	2	75	2	51	1
352	9944	351	352	446	434	4	170	4	102	2
353	9945	351	353	696	75	1	19	1	0	0
354	9950	35	354	71	126	1	36	1	0	0
355	9963	329	355	25	244	2	79	2	102	2
356	9999	161	32	348	242	2	81	2	51	1
357	10000	80	356	48	367	3	118	3	0	0
358	10001	321	357	169	254	2	69	2	102	2
359	10002	46	155	72	0	0	0	0	0	0
360	10007	204	358	140	74	1	20	1	51	1
361	10010	96	332	96	0	0	0	0	0	0
362	10011	332	359	183	258	1	82	1	51	1
363	10037	333	360	371	120	1	42	1	0	0
364	10038	65	361	309	0	0	0	0	0	0
365	10039	361	333	44	0	0	0	0	0	0
366	10040	361	362	143	158	1	46	1	51	1
367	10045	31	223	40	0	0	0	0	0	0
368	10046	223	363	159	129	1	33	1	51	1
369	10047	31	364	344	262	1	78	1	51	1
370	10048	364	338	517	155	1	49	1	0	0
371	10049	364	365	218	130	1	32	1	51	1
372	10050	224	160	26	0	0	0	0	0	0
373	10051	160	366	234	304	2	104	2	40	1
374	10052	366	34	183	0	0	0	0	0	0
375	10053	366	367	260	251	2	72	2	51	1
376	10079	159	324	173	857	7	248	7	306	6
377	10089	368	369	173	124	1	38	1	0	0
378	10092	33	370	68	0	0	0	0	0	0
379	10093	370	368	12	0	0	0	0	0	0
380	10094	370	371	134	129	1	33	1	51	1
381	10095	13	151	309	0	0	0	0	0	0
382	10096	151	372	446	0	0	0	0	0	0
383	10097	372	49	214	0	0	0	0	0	0
384	10098	372	373	160	97	1	22	1	51	1
385	10102	201	374	148	251	2	72	2	102	2
386	10114	213	375	66	236	2	87	2	51	1
387	10123	74	163	806	0	0	0	0	0	0
388	10124	163	376	337	469	1	186	1	51	1
389	10125	323	28	209	119	1	43	1	0	0
390	10126	377	378	32	0	0	0	0	0	0
391	10127	377	379	196	121	1	41	1	51	1
392	10128	222	380	446	0	0	0	0	0	0
393	10129	380	30	72	0	0	0	0	0	0
394	10130	380	381	187	245	2	78	2	102	2
395	10131	39	220	23	0	0	0	0	0	0
396	10132	220	382	60	279	2	87	2	51	1
397	10133	75	348	307	0	0	0	0	0	0
398	10134	348	378	324	123	1	39	1	0	0
399	10140	350	383	197	244	2	79	2	51	1
400	10141	383	377	159	0	0	0	0	0	0
401	10142	383	384	249	123	1	39	1	0	0
402	10158	347	385	646	254	2	69	2	51	1
403	10159	385	73	999	0	0	0	0	0	0
404	10160	385	386	243	125	1	37	1	0	0
405	10161	352	47	82	89	1	30	1	51	1
406	10162	352	387	196	72	1	22	1	51	1
407	10163	320	388	426	0	0	0	0	0	0
408	10164	388	56	678	248	2	75	2	102	2
409	10165	388	389	202	120	1	42	1	51	1
410	10166	214	390	174	71	1	23	1	0	0
411	10168	322	351	96	0	0	0	0	0	0
412	10173	153	53	101	120	1	42	1	51	1
413	10175	391	215	381	466	1	189	1	140	1
414	10185	323	392	119	149	1	55	1	51	1
415	10186	323	393	196	443	1	118	1	51	1
416	10676	277	231	158	0	0	0	0	0	0
417	10677	231	18	356	504	3	159	3	51	1
418	-1	243	252	1	0	0	0	0	0	0
419	-2	81	104	1267	0	0	0	0	0	0
420	-3	140	165	550	0	0	0	0	0	0
421	-5	29	187	184	0	0	0	0	0	0
END						
-----------------------------------------						
InputUsedToGenerateTheGraph:						
County:	SkanderborgOdder					
CenterNodeId:	1416					
Radius:	5000					
HouseTypes:	Normal	Summer	Apartment			
NumberOfWasteFractions: 2						
IntervalsForWasteFraction:	general	"2,333,333"	3.5	7.0	14.0	28.0
IntervalsForWasteFraction:	paper	28.0	56.0			
-----------------------------------------						


