ProblemType:	MC-CARP
NumberNodes:	2142
NumberEdges:	2419
DepotNodeNumber:	167
NumberOfFractions:	3
NumberOfIntervalsForFraction	General_Organic	1	14
NumberOfIntervalsForFraction	Glass_Metal_Plastic	1	14
NumberOfIntervalsForFraction	Paper	1	14
GRAPH
EdgeNumber	EdgeId	StartNodeNumber	EndNodeNumber	Cost	Demand_0	Bins_0
	Demand_1	Bins_1
	Demand_2	Bins_2
START
0	21	0	1	86	157	1	47	1	102	1
1	29	2	3	109	396	3	106	3	306	3
2	30	3	4	62	141	2	46	2	161	2
3	33	5	6	94	218	2	80	2	102	1
4	35	7	8	277	0	0	0	0	0	0
5	36	7	9	113	0	0	0	0	0	0
6	37	10	11	98	0	0	0	0	0	0
7	102	12	13	64	0	0	0	0	0	0
8	103	14	15	128	1590	9	630	9	714	7
9	104	15	16	54	806	6	316	6	612	6
10	130	17	18	101	237	3	69	3	204	2
11	131	19	20	30	93	1	26	1	102	1
12	132	21	22	83	142	2	45	2	204	2
13	133	23	24	135	152	1	52	1	0	0
14	138	25	26	22	1335	17	476	17	510	2
15	141	27	28	241	161	1	43	1	102	1
16	142	28	29	18	0	0	0	0	0	0
17	143	30	31	119	0	0	0	0	0	0
18	146	32	33	65	612	7	179	7	518	4
19	147	34	35	27	258	1	82	1	102	1
20	148	35	36	10	0	0	0	0	0	0
21	149	37	38	10	72	1	22	1	0	0
22	154	41	42	39	1980	4	774	4	612	3
23	155	43	44	10	146	2	41	2	0	0
24	156	44	45	37	75	1	19	1	765	3
25	164	33	46	30	151	2	36	2	0	0
26	165	46	47	17	136	2	51	2	0	0
27	166	48	49	98	1398	7	489	7	467	5
28	167	49	50	19	0	0	0	0	0	0
29	168	51	52	12	0	0	0	0	0	0
30	169	52	53	33	151	1	53	1	102	1
31	172	54	55	131	1237	7	514	7	629	7
32	173	55	56	9	0	0	0	0	0	0
33	174	56	57	16	159	1	45	1	102	1
34	175	57	58	77	2376	12	803	12	1181	12
35	181	59	60	454	161	1	43	1	102	1
36	182	61	62	233	0	0	0	0	0	0
37	183	63	64	87	0	0	0	0	0	0
38	184	64	65	950	968	11	402	11	918	9
39	187	66	67	15	258	1	82	1	0	0
40	188	67	68	55	157	1	47	1	0	0
41	189	69	70	42	394	3	133	3	306	3
42	195	71	72	716	77	1	17	1	102	1
43	198	72	73	172	74	1	20	1	59	1
44	199	73	74	114	297	1	111	1	102	1
45	200	39	75	143	1348	10	539	10	850	10
46	302	43	76	64	2377	3	683	3	102	1
47	303	77	78	6	0	0	0	0	0	0
48	304	78	79	9	140	2	47	2	0	0
49	305	26	80	48	292	4	83	4	510	2
50	306	80	36	24	289	4	85	4	0	0
51	307	81	82	7	0	0	0	0	0	0
52	308	82	83	32	139	2	48	2	0	0
53	309	83	84	6	0	0	0	0	0	0
54	310	84	37	34	340	5	128	5	0	0
55	311	85	86	226	0	0	0	0	0	0
56	312	86	87	172	466	2	146	2	612	2
57	334	89	90	62	0	0	0	0	0	0
58	335	90	91	239	152	1	52	1	102	1
59	336	92	93	624	0	0	0	0	0	0
60	338	76	94	17	503	1	177	1	255	1
61	339	94	41	54	1404	4	509	4	612	3
62	342	95	96	48	305	2	103	2	161	2
63	343	97	98	83	0	0	0	0	0	0
64	347	99	100	527	0	0	0	0	0	0
65	349	101	102	20	0	0	0	0	0	0
66	350	102	103	25	88	1	31	1	102	1
67	360	104	105	549	161	1	43	1	59	1
68	369	106	107	131	323	2	85	2	204	2
69	370	108	109	172	0	0	0	0	0	0
70	378	110	111	271	92	1	27	1	102	1
71	379	112	113	75	229	2	69	2	204	2
72	380	114	115	208	73	1	21	1	102	1
73	381	109	116	84	72	1	22	1	102	1
74	382	117	118	280	73	1	21	1	102	1
75	413	119	120	112	148	1	56	1	102	1
76	421	121	122	18	0	0	0	0	0	0
77	422	122	123	56	145	2	42	2	102	1
78	427	124	125	179	1486	10	615	10	875	9
79	428	126	127	28	311	2	97	2	204	2
80	429	128	129	140	577	6	205	6	612	6
81	430	130	131	160	713	6	205	6	612	6
82	431	132	133	291	318	2	90	2	204	2
83	455	134	135	144	96	1	23	1	0	0
84	468	136	137	311	444	2	152	2	102	1
85	472	141	142	13	0	0	0	0	0	0
86	473	142	143	1624	285	3	106	3	204	2
87	474	144	145	186	0	0	0	0	0	0
88	475	146	147	17	0	0	0	0	0	0
89	478	148	149	74	0	0	0	0	0	0
90	480	150	151	17	0	0	0	0	0	0
91	481	151	152	92	2494	17	686	17	255	1
92	486	144	154	91	75	1	19	1	0	0
93	487	155	156	4	0	0	0	0	0	0
94	488	156	144	233	74	1	20	1	102	1
95	489	147	157	88	160	1	44	1	102	1
96	490	147	158	101	0	0	0	0	0	0
97	491	158	159	170	156	1	48	1	102	1
98	492	160	161	565	882	4	274	4	408	4
99	493	162	163	74	151	1	53	1	102	1
100	494	164	165	91	70	1	24	1	102	1
101	495	164	166	255	149	1	55	1	102	1
102	496	167	168	385	148	2	39	2	204	2
103	497	169	170	97	295	1	113	1	102	1
104	498	171	172	86	158	1	46	1	102	1
105	500	173	174	95	75	1	19	1	102	1
106	502	61	175	83	159	1	45	1	102	1
107	518	176	177	183	236	2	87	2	204	2
108	526	178	179	96	319	1	89	1	102	1
109	527	59	180	94	158	1	46	1	102	1
110	528	181	182	189	264	1	76	1	102	1
111	530	183	184	61	70	1	24	1	102	1
112	537	185	186	381	232	2	91	2	161	2
113	541	187	188	182	0	0	0	0	0	0
114	542	189	190	327	77	1	17	1	102	1
115	594	191	192	90	156	1	48	1	102	1
116	597	193	194	382	94	1	25	1	102	1
117	598	195	196	66	71	1	23	1	102	1
118	609	197	198	108	70	1	24	1	102	1
119	673	199	200	107	162	1	42	1	102	1
120	674	201	202	171	413	2	114	2	204	2
121	675	203	204	140	297	2	111	2	204	2
122	676	205	206	102	159	1	45	1	59	1
123	688	207	208	131	137	1	51	1	102	1
124	710	209	210	137	147	1	41	1	102	1
125	711	211	212	132	156	1	48	1	102	1
126	712	211	213	221	72	1	22	1	102	1
127	713	214	215	68	150	1	38	1	0	0
128	716	216	217	147	71	1	23	1	0	0
129	737	218	219	52	153	1	51	1	102	1
130	772	220	221	29	0	0	0	0	0	0
131	773	222	223	4	0	0	0	0	0	0
132	774	223	224	80	392	3	110	3	263	3
133	775	225	226	76	91	1	28	1	102	1
134	776	226	227	68	321	3	96	3	306	3
135	777	228	229	75	224	2	74	2	161	2
136	778	230	231	3	412	3	150	3	765	3
137	779	231	232	32	275	2	99	2	0	0
138	780	232	233	108	450	4	171	4	408	4
139	781	234	235	567	0	0	0	0	0	0
140	782	236	237	443	0	0	0	0	0	0
141	784	238	239	627	0	0	0	0	0	0
142	787	161	240	332	163	1	41	1	0	0
143	789	241	242	93	150	1	54	1	102	1
144	794	243	244	134	353	3	133	3	204	2
145	801	245	246	208	73	1	21	1	102	1
146	819	247	248	138	1063	9	290	9	748	9
147	820	5	249	125	148	1	56	1	102	1
148	821	249	207	116	0	0	0	0	0	0
149	833	250	251	523	1749	14	546	14	1343	14
150	834	251	252	55	414	2	113	2	204	2
151	835	253	254	631	0	0	0	0	0	0
152	841	255	95	6	0	0	0	0	0	0
153	842	256	257	5	0	0	0	0	0	0
154	843	257	258	29	70	1	24	1	102	1
155	844	240	259	150	0	0	0	0	0	0
156	845	260	162	708	0	0	0	0	0	0
157	846	162	261	166	0	0	0	0	0	0
158	849	262	263	85	0	0	0	0	0	0
159	851	158	264	77	73	1	21	1	102	1
160	852	263	265	116	0	0	0	0	0	0
161	853	266	267	48	209	2	73	2	102	1
162	854	267	268	318	0	0	0	0	0	0
163	855	269	270	117	225	2	73	2	102	1
164	856	21	19	28	0	0	0	0	0	0
165	857	19	271	31	0	0	0	0	0	0
166	860	272	241	86	0	0	0	0	0	0
167	863	273	112	208	0	0	0	0	0	0
168	864	274	275	794	70	1	24	1	0	0
169	865	275	276	72	0	0	0	0	0	0
170	866	277	278	352	0	0	0	0	0	0
171	867	278	279	128	149	2	38	2	102	1
172	868	280	281	180	0	0	0	0	0	0
173	870	120	110	192	0	0	0	0	0	0
174	871	110	282	114	0	0	0	0	0	0
175	872	283	173	80	0	0	0	0	0	0
176	873	173	61	32	0	0	0	0	0	0
177	893	284	285	72	239	2	84	2	204	2
178	894	257	286	38	76	1	18	1	59	1
179	895	256	287	57	72	1	22	1	102	1
180	904	288	240	76	164	1	40	1	59	1
181	917	289	290	97	72	1	22	1	102	1
182	919	291	292	12	71	1	23	1	102	1
183	920	292	293	220	964	7	362	7	612	6
184	928	294	295	914	0	0	0	0	0	0
185	929	295	296	144	0	0	0	0	0	0
186	931	108	297	51	0	0	0	0	0	0
187	935	298	299	193	152	1	52	1	0	0
188	945	214	199	18	0	0	0	0	0	0
189	946	199	300	457	138	2	49	2	102	1
190	948	301	302	212	0	0	0	0	0	0
191	951	112	120	161	0	0	0	0	0	0
192	952	303	304	62	288	2	86	2	204	2
193	953	305	306	30	295	1	113	1	102	1
194	954	307	308	716	0	0	0	0	102	1
195	955	267	309	38	310	1	98	1	102	1
196	956	310	311	68	93	1	26	1	102	1
197	957	312	313	12	72	1	22	1	0	0
198	973	139	314	153	968	3	256	3	255	1
199	974	315	316	33	152	1	52	1	102	1
200	978	295	317	804	149	1	55	1	102	1
201	997	318	319	49	76	1	18	1	102	1
202	1008	320	321	122	298	1	110	1	102	1
203	1009	322	323	38	154	1	50	1	102	1
204	1010	263	324	42	74	1	20	1	102	1
205	1011	265	325	107	315	1	93	1	102	1
206	1012	326	327	63	150	1	54	1	102	1
207	1013	64	328	137	72	1	22	1	102	1
208	1045	329	330	149	156	1	48	1	102	1
209	1046	275	331	67	157	1	47	1	102	1
210	1047	332	322	54	234	2	64	2	161	2
211	1051	333	270	103	77	1	17	1	102	1
212	1075	334	335	256	1467	13	437	13	1241	13
213	1076	336	220	33	150	2	37	2	161	2
214	1093	337	338	28	0	0	0	0	0	0
215	1099	339	340	53	559	4	147	4	161	2
216	1100	340	341	72	207	2	75	2	204	2
217	1101	342	343	38	0	0	0	0	0	0
218	1102	343	258	109	159	1	45	1	102	1
219	1106	344	345	34	152	1	36	1	102	1
220	1107	345	346	120	230	3	76	3	306	3
221	1112	347	348	48	321	1	87	1	102	1
222	1113	348	349	643	319	2	89	2	204	2
223	1114	350	351	35	72	1	22	1	102	1
224	1120	352	27	149	160	1	44	1	102	1
225	1123	353	354	108	322	1	86	1	102	1
226	1200	355	150	19	0	0	0	0	0	0
227	1248	356	357	40	0	0	0	0	0	0
228	1254	358	359	19	159	1	45	1	102	1
229	1263	360	342	40	233	2	65	2	204	2
230	1264	361	362	252	166	2	47	2	161	2
231	1265	362	363	127	76	1	18	1	102	1
232	1266	364	365	85	72	1	22	1	59	1
233	1267	365	366	35	0	0	0	0	0	0
234	1272	367	368	79	0	0	0	0	0	0
235	1273	150	99	27	0	0	0	0	0	0
236	1274	369	370	1466	0	0	0	0	0	0
237	1275	300	371	555	0	0	0	0	0	0
238	1276	371	372	401	162	1	42	1	102	1
239	1277	300	373	250	95	1	24	1	102	1
240	1278	71	374	1128	0	0	0	0	0	0
241	1279	375	376	131	0	0	0	0	0	0
242	1280	372	376	266	0	0	0	0	0	0
243	1281	376	377	235	0	0	0	0	0	0
244	1282	71	206	163	0	0	0	0	0	0
245	1283	378	379	711	0	0	0	0	0	0
246	1284	74	378	60	77	1	17	1	102	1
247	1289	380	381	1407	0	0	0	0	0	0
248	1290	380	382	397	156	1	48	1	102	1
249	1293	383	384	76	300	2	92	2	204	2
250	1295	386	370	534	162	1	42	1	0	0
251	1297	387	388	321	0	0	0	0	0	0
252	1298	388	389	192	0	0	0	0	0	0
253	1300	389	390	9	0	0	0	0	0	0
254	1301	390	391	69	0	0	0	0	0	0
255	1303	381	392	45	96	1	23	1	102	1
256	1304	392	393	143	502	5	187	5	425	5
257	1305	393	394	57	316	2	92	2	204	2
258	1306	395	396	31	230	2	68	2	204	2
259	1307	396	397	36	136	2	51	2	204	2
260	1309	397	398	95	895	8	339	8	773	8
261	1310	398	383	44	151	1	53	1	102	1
262	1311	383	390	60	74	1	20	1	102	1
263	1312	399	392	157	213	2	85	2	204	2
264	1314	389	400	62	0	0	0	0	0	0
265	1315	384	391	28	0	0	0	0	0	0
266	1316	401	402	172	0	0	0	0	0	0
267	1318	391	403	201	150	1	38	1	102	1
268	1319	404	377	1292	294	3	81	3	306	3
269	1320	375	401	919	311	1	97	1	0	0
270	1321	405	406	221	299	2	109	2	204	2
271	1322	404	407	887	0	0	0	0	0	0
272	1323	407	408	441	0	0	0	0	0	0
273	1330	409	410	1218	0	0	0	0	0	0
274	1331	411	412	513	360	3	142	3	263	3
275	1332	413	414	1181	0	0	0	0	0	0
276	1334	410	413	44	0	0	0	0	0	0
277	1335	413	415	489	0	0	0	0	0	0
278	1336	416	411	184	303	3	114	3	102	1
279	1337	411	410	919	366	3	136	3	306	3
280	1338	417	385	101	0	0	0	0	0	0
281	1340	418	419	138	0	0	0	0	0	0
282	1343	419	420	305	902	2	322	2	204	2
283	1345	402	421	249	0	0	0	0	0	0
284	1346	421	418	60	0	0	0	0	0	0
285	1347	418	422	603	299	3	92	3	263	3
286	1348	423	421	343	139	2	48	2	161	2
287	1349	421	424	275	0	0	0	0	0	0
288	1350	425	422	416	0	0	0	0	0	0
289	1351	422	423	389	0	0	0	0	0	0
290	1353	427	428	83	380	2	122	2	357	2
291	1355	424	419	162	0	0	0	0	0	0
292	1358	430	431	55	0	0	0	0	0	0
293	1359	431	432	775	208	2	74	2	204	2
294	1360	432	424	188	0	0	0	0	0	0
295	1362	433	430	46	0	0	0	0	0	0
296	1363	420	434	353	0	0	0	0	0	0
297	1364	435	436	49	344	3	126	3	0	0
298	1365	437	438	42	613	4	186	4	0	0
299	1370	439	440	36	625	4	251	4	0	0
300	1371	441	442	43	240	2	67	2	0	0
301	1372	443	444	55	73	1	21	1	102	1
302	1378	445	446	56	0	0	0	0	0	0
303	1380	447	448	34	149	1	39	1	0	0
304	1381	449	450	37	0	0	0	0	0	0
305	1383	451	452	130	0	0	0	0	0	0
306	1384	452	453	141	73	1	21	1	102	1
307	1387	447	449	49	0	0	0	0	0	0
308	1388	449	439	84	280	2	96	2	0	0
309	1389	439	437	74	0	0	0	0	0	0
310	1390	437	454	39	0	0	0	0	0	0
311	1393	455	449	108	477	5	178	5	0	0
312	1394	445	441	44	76	1	18	1	0	0
313	1395	456	457	49	379	4	115	4	0	0
314	1396	458	456	114	506	4	150	4	0	0
315	1397	459	460	45	213	2	69	2	0	0
316	1398	460	458	34	320	1	88	1	0	0
317	1500	461	462	511	0	0	0	0	0	0
318	1530	463	464	661	75	1	19	1	102	1
319	1531	464	465	323	0	0	0	0	0	0
320	1559	466	467	81	73	1	21	1	102	1
321	1560	467	468	130	246	2	77	2	119	2
322	1564	469	470	78	213	2	85	2	204	2
323	1565	470	91	113	0	0	0	0	0	0
324	1569	366	471	1362	0	0	0	0	0	0
325	1570	234	472	1564	0	0	0	0	0	0
326	1575	473	474	104	306	2	120	2	102	1
327	1578	475	476	1617	0	0	0	0	0	0
328	1585	477	478	185	0	0	0	0	0	0
329	1586	478	359	53	0	0	0	0	0	0
330	1590	479	239	145	0	0	0	0	0	0
331	1591	239	480	641	0	0	0	0	0	0
332	1593	190	481	44	71	1	23	1	102	1
333	1594	360	11	114	0	0	0	0	0	0
334	1605	461	482	137	138	2	49	2	204	2
335	1606	483	484	215	155	1	49	1	102	1
336	1607	485	486	320	0	0	0	0	0	0
337	1608	485	487	198	76	1	18	1	59	1
338	1609	376	488	139	0	0	0	0	0	0
339	1610	489	488	80	159	1	45	1	102	1
340	1611	370	490	15	0	0	0	0	0	0
341	1612	490	387	71	0	0	0	0	0	0
342	1613	491	490	214	76	1	18	1	102	1
343	1614	412	492	289	364	3	138	3	306	3
344	1615	492	399	923	0	0	0	0	0	0
345	1616	493	492	116	295	2	113	2	204	2
346	1622	494	495	222	921	6	286	6	612	6
347	1623	495	496	107	635	4	190	4	408	4
348	1624	495	497	93	76	1	18	1	102	1
349	1625	498	499	15	75	1	19	1	102	1
350	1626	499	500	118	77	1	17	1	102	1
351	1627	499	501	129	95	1	24	1	59	1
352	1631	500	502	135	0	0	0	0	0	0
353	1632	502	503	22	161	1	43	1	102	1
354	1633	504	505	96	148	1	56	1	102	1
355	1646	506	507	590	147	1	57	1	102	1
356	1647	507	508	207	0	0	0	0	0	0
357	1648	507	509	463	171	1	67	1	0	0
358	1649	510	511	65	223	2	75	2	204	2
359	1650	510	512	70	344	2	98	2	161	2
360	1651	513	514	36	0	0	0	0	0	0
361	1652	513	515	114	149	1	55	1	102	1
362	1653	516	517	181	836	6	278	6	569	6
363	1654	518	516	77	215	2	83	2	204	2
364	1655	519	520	394	576	7	215	7	569	6
365	1656	520	521	35	162	1	42	1	102	1
366	1665	236	522	660	0	0	0	0	0	0
367	1666	523	524	750	0	0	0	0	0	0
368	1667	525	480	577	0	0	0	0	0	0
369	1668	480	367	201	0	0	0	0	0	0
370	1713	526	527	150	150	1	54	1	59	1
371	1714	527	528	446	92	1	27	1	102	1
372	1717	529	356	50	0	0	0	0	0	0
373	1718	356	530	41	146	1	42	1	0	0
374	1719	531	357	40	0	0	0	0	0	0
375	1720	357	529	67	0	0	0	0	0	0
376	1730	433	532	863	1024	9	413	9	527	6
377	1731	533	534	278	0	0	0	0	0	0
378	1732	535	536	431	657	6	236	6	569	6
379	1740	537	538	947	257	2	66	2	0	0
380	1743	539	540	196	1147	10	444	10	0	0
381	1744	541	542	179	0	0	0	0	0	0
382	1751	543	544	1274	0	0	0	0	0	0
383	1752	472	523	655	0	0	0	0	0	0
384	1753	545	546	535	335	2	107	2	161	2
385	1755	547	548	40	208	2	74	2	204	2
386	1757	393	387	311	217	2	81	2	204	2
387	1758	385	549	319	94	1	25	1	0	0
388	1769	550	551	51	275	4	99	4	408	4
389	1770	552	553	6	0	0	0	0	0	0
390	1771	552	554	138	435	5	143	5	425	5
391	1774	555	556	43	0	0	0	0	0	0
392	1775	557	558	47	1412	3	492	3	204	2
393	1778	559	560	15	790	1	230	1	510	2
394	1779	521	516	37	76	1	18	1	102	1
395	1780	561	562	64	298	1	110	1	102	1
396	1781	562	218	61	769	6	200	6	484	6
397	1782	563	564	33	409	3	153	3	0	0
398	1783	565	566	205	1150	13	448	13	1198	13
399	1784	567	568	103	599	5	226	5	467	5
400	1785	568	569	16	0	0	0	0	0	0
401	1786	570	571	16	322	2	86	2	204	2
402	1787	572	573	2	0	0	0	0	0	0
403	1788	573	574	15	388	5	105	5	238	4
404	1789	575	576	8	76	1	18	1	59	1
405	1790	577	7	51	0	0	0	0	0	0
406	1791	578	577	73	0	0	0	0	0	0
407	1796	579	469	103	93	1	26	1	102	1
408	1808	580	134	45	0	0	0	0	0	0
409	1868	581	88	302	0	0	0	0	0	0
410	1869	582	583	37	155	1	49	1	102	1
411	1870	583	584	76	415	4	121	4	323	4
412	1871	583	585	32	296	4	104	4	238	4
413	1872	586	587	56	155	1	49	1	59	1
414	1873	587	588	34	0	0	0	0	0	0
415	1875	589	590	27	0	0	0	0	0	0
416	1876	590	591	88	92	1	27	1	59	1
417	1877	277	592	22	0	0	0	0	0	0
418	1878	592	593	34	0	0	0	0	0	0
419	1879	593	594	12	0	0	0	0	0	0
420	1880	594	277	25	0	0	0	0	0	0
421	1881	594	595	108	163	1	41	1	102	1
422	1882	596	597	90	0	0	0	0	0	0
423	1883	597	598	504	0	0	0	0	0	0
424	1884	597	599	38	159	1	45	1	102	1
425	1885	279	600	1059	731	6	272	6	408	4
426	1886	601	602	132	0	0	0	0	102	1
427	1887	145	603	85	0	0	0	0	0	0
428	1888	145	604	169	302	2	106	2	119	2
429	1889	89	605	655	518	3	188	3	306	3
430	1891	606	607	20	0	0	0	0	0	0
431	1892	606	608	11	0	0	0	0	0	0
432	1893	606	609	111	149	1	55	1	102	1
433	1897	610	611	38	308	2	100	2	161	2
434	1898	611	612	44	507	3	199	3	204	2
435	1899	611	613	44	158	1	46	1	102	1
436	1904	615	616	31	0	0	0	0	0	0
437	1905	615	617	78	76	1	18	1	102	1
438	1909	619	620	138	143	1	45	1	0	0
439	1910	621	622	44	352	2	90	2	204	2
440	1911	623	624	377	0	0	0	0	0	0
441	1912	624	625	269	0	0	0	0	0	0
442	1913	626	624	445	157	1	47	1	102	1
443	1914	627	628	2115	0	0	0	0	0	0
444	1916	629	630	44	0	0	0	0	0	0
445	1918	631	630	157	156	1	48	1	102	1
446	1919	632	633	336	72	1	22	1	102	1
447	1920	632	634	92	149	1	55	1	102	1
448	1921	635	636	162	0	0	0	0	0	0
449	1922	637	635	96	0	0	0	0	102	1
450	1923	638	639	75	0	0	0	0	0	0
451	1924	639	640	557	70	1	24	1	102	1
452	1925	639	641	85	149	1	55	1	102	1
453	1929	143	642	333	0	0	0	0	0	0
454	1930	642	643	191	0	0	0	0	0	0
455	1931	642	644	153	96	1	23	1	102	1
456	1932	645	646	102	0	0	0	0	0	0
457	1933	646	136	153	0	0	0	0	0	0
458	1934	646	647	119	148	1	56	1	102	1
459	1935	648	649	194	91	1	28	1	0	0
460	1936	650	651	346	234	2	64	2	161	2
461	1937	651	652	598	650	4	260	4	306	3
462	1938	651	653	412	160	1	44	1	102	1
463	1939	654	655	67	157	1	47	1	59	1
464	1940	650	656	219	0	0	0	0	0	0
465	1941	656	657	125	159	1	45	1	102	1
466	1947	658	659	47	299	2	109	2	161	2
467	1949	660	661	53	0	0	0	0	0	0
468	1950	612	662	61	852	6	270	6	714	7
469	1951	663	614	91	155	1	49	1	102	1
470	1952	664	661	937	409	3	152	3	306	3
471	1953	271	665	40	160	1	44	1	102	1
472	1954	665	23	50	755	6	299	6	306	3
473	1960	666	473	130	1060	10	301	10	833	9
474	1961	473	667	93	240	3	66	3	306	3
475	1964	578	668	105	745	4	224	4	323	4
476	1965	577	669	111	423	4	138	4	238	4
477	2013	670	671	95	219	2	79	2	204	2
478	2014	281	672	81	97	1	22	1	102	1
479	2042	673	188	366	0	0	0	0	0	0
480	2043	188	674	276	0	0	0	0	0	0
481	2044	675	283	366	221	2	77	2	161	2
482	2045	535	320	31	0	0	0	0	0	0
483	2046	320	485	736	441	3	155	3	306	3
484	2047	676	312	13	0	0	0	0	0	0
485	2048	312	677	63	0	0	0	0	0	0
486	2052	677	510	16	0	0	0	0	0	0
487	2075	281	678	475	299	3	92	3	204	2
488	2076	679	171	122	156	2	57	2	102	1
489	2077	171	680	65	373	4	112	4	306	3
490	2078	681	682	53	74	1	20	1	102	1
491	2079	683	169	242	1565	12	603	12	1054	12
492	2080	169	684	34	0	0	0	0	0	0
493	2081	677	685	43	150	1	38	1	102	1
494	2082	63	326	84	0	0	0	0	0	0
495	2083	326	686	50	0	0	0	0	0	0
496	2084	687	210	227	0	0	0	0	0	0
497	2085	210	417	100	74	1	20	1	102	1
498	2102	688	689	80	72	1	22	1	59	1
499	2109	690	691	49	445	4	176	4	306	3
500	2112	692	693	56	501	3	189	3	204	2
501	2122	694	695	49	0	0	0	0	0	0
502	2127	63	696	59	231	2	67	2	204	2
503	2165	697	698	33	150	1	54	1	255	1
504	2166	699	700	288	154	1	50	1	102	1
505	2186	701	702	193	165	1	39	1	102	1
506	2190	444	703	150	246	1	94	1	102	1
507	2191	704	461	101	161	1	43	1	102	1
508	2192	208	705	225	157	1	47	1	102	1
509	2193	183	706	309	160	1	44	1	102	1
510	2194	707	708	134	159	1	45	1	102	1
511	2197	709	710	94	553	3	144	3	306	3
512	2199	315	700	196	0	0	0	0	0	0
513	2200	700	92	11	0	0	0	0	0	0
514	2216	711	0	46	73	1	21	1	102	1
515	2217	712	713	41	149	1	55	1	102	1
516	2218	714	715	51	283	2	109	2	204	2
517	2220	366	716	1375	0	0	0	0	0	0
518	2223	717	718	123	72	1	22	1	59	1
519	2224	719	720	205	71	1	23	1	102	1
520	2226	721	722	31	235	2	63	2	204	2
521	2229	723	724	11	218	2	80	2	161	2
522	2237	3	725	272	74	1	20	1	59	1
523	2257	726	727	60	400	3	102	3	306	3
524	2265	728	729	83	659	8	225	8	467	5
525	2266	381	204	37	0	0	0	0	0	0
526	2267	100	181	139	0	0	0	0	0	0
527	2268	181	211	104	0	0	0	0	0	0
528	2269	432	730	55	0	0	0	0	0	0
529	2271	730	201	66	76	1	18	1	102	1
530	2295	183	731	152	0	0	0	0	0	0
531	2349	732	367	98	93	1	26	1	102	1
532	2359	733	734	186	0	0	0	0	0	0
533	2360	735	164	308	0	0	0	0	0	0
534	2361	167	736	93	0	0	0	0	0	0
535	2362	176	737	155	155	1	49	1	102	1
536	2363	738	739	50	515	2	199	2	161	2
537	2367	740	186	189	95	1	24	1	102	1
538	2368	741	742	419	0	0	0	0	0	0
539	2369	741	743	191	250	2	73	2	102	1
540	2370	743	744	548	0	0	0	0	0	0
541	2371	745	522	1072	0	0	0	0	0	0
542	2372	522	237	382	0	0	0	0	0	0
543	2413	746	747	19	221	2	61	2	204	2
544	2414	684	748	58	472	4	123	4	365	4
545	2415	749	750	29	140	2	47	2	161	2
546	2416	749	751	117	958	8	335	8	646	8
547	2417	684	752	68	676	4	259	4	365	4
548	2418	753	477	372	163	1	41	1	102	1
549	2419	478	739	38	0	0	0	0	0	0
550	2420	739	754	44	0	0	0	0	0	0
551	2421	755	756	726	1067	11	404	11	1037	11
552	2422	756	754	264	1263	9	361	9	773	8
553	2423	754	358	26	223	2	75	2	204	2
554	2424	757	758	76	323	2	85	2	204	2
555	2425	755	759	76	0	0	0	0	0	0
556	2426	760	761	245	0	0	0	0	0	0
557	2427	760	762	200	73	1	21	1	102	1
558	2429	763	193	188	0	0	0	0	0	0
559	2436	764	765	435	0	0	0	0	0	0
560	2438	764	766	959	224	3	82	3	221	3
561	2439	767	768	266	551	4	189	4	408	4
562	2440	769	765	676	0	0	0	0	0	0
563	2441	770	768	91	152	1	52	1	0	0
564	2443	771	772	47	645	5	180	5	425	5
565	2444	773	774	52	695	5	249	5	510	5
566	2445	775	776	33	337	4	132	4	365	4
567	2446	775	777	72	536	4	170	4	408	4
568	2447	773	778	71	461	4	134	4	408	4
569	2448	779	771	20	155	1	49	1	102	1
570	2449	780	781	112	70	1	24	1	102	1
571	2450	781	782	477	0	0	0	0	0	0
572	2451	779	778	70	0	0	0	0	0	0
573	2452	781	766	454	70	1	24	1	102	1
574	2453	65	782	73	0	0	0	0	0	0
575	2480	783	735	695	0	0	0	0	0	0
576	2482	735	780	27	71	1	23	1	102	1
577	2483	784	756	996	0	0	0	0	0	0
578	2484	784	785	463	76	1	18	1	102	1
579	2485	753	786	425	155	1	49	1	59	1
580	2486	787	788	149	0	0	0	0	0	0
581	2487	789	790	545	0	0	0	0	0	0
582	2488	790	791	193	0	0	0	0	0	0
583	2489	791	788	60	0	0	0	0	0	0
584	2490	788	792	169	0	0	0	0	0	0
585	2491	791	702	833	0	0	0	0	0	0
586	2492	787	790	224	181	1	57	1	59	1
587	2495	302	533	300	325	1	83	1	59	1
588	2496	789	793	778	224	3	82	3	204	2
589	2791	794	795	61	223	2	75	2	204	2
590	2793	796	483	85	0	0	0	0	0	0
591	2794	483	794	71	0	0	0	0	0	0
592	2795	797	547	69	300	1	108	1	102	1
593	2796	798	797	397	0	0	0	0	0	0
594	2797	799	800	52	0	0	0	0	0	0
595	2798	801	802	132	74	1	20	1	102	1
596	2799	803	804	302	378	3	108	3	306	3
597	2800	804	805	63	225	3	81	3	263	3
598	2801	805	806	31	251	2	72	2	204	2
599	2802	806	807	11	0	0	0	0	0	0
600	2803	807	808	95	2067	8	577	8	824	7
601	2804	808	809	15	0	0	0	0	0	0
602	2805	809	810	60	657	4	253	4	204	2
603	2806	810	811	42	164	1	40	1	102	1
604	2807	811	812	143	1081	5	313	5	306	3
605	2808	813	814	226	75	1	19	1	59	1
606	2809	815	813	180	1045	9	315	9	688	8
607	2810	804	816	74	310	3	81	3	263	3
608	2811	805	817	79	292	3	109	3	263	3
609	2812	818	819	35	72	1	22	1	102	1
610	2813	820	821	36	660	7	251	7	671	7
611	2814	821	822	39	1101	7	378	7	527	6
612	2817	823	824	35	296	3	95	3	306	3
613	2818	825	826	55	729	6	274	6	612	6
614	2819	827	828	54	894	5	330	5	425	5
615	2820	829	830	130	1716	11	580	11	1122	11
616	2821	831	832	117	1747	10	634	10	977	10
617	2822	833	834	116	787	7	310	7	586	7
618	2823	835	836	98	161	1	43	1	102	1
619	2824	514	673	517	0	0	0	0	0	0
620	2825	674	837	94	0	0	0	0	0	0
621	2826	837	717	399	0	0	0	0	0	0
622	2828	838	839	73	842	6	306	6	612	6
623	2829	835	243	51	0	0	0	0	0	0
624	2830	840	841	93	0	0	0	0	0	0
625	2831	841	842	85	217	2	81	2	0	0
626	2832	843	844	494	395	3	107	3	306	3
627	2833	845	843	382	91	1	28	1	102	1
628	2834	846	847	74	995	6	323	6	425	5
629	2835	848	849	100	1094	9	310	9	833	9
630	2836	850	851	68	573	5	226	5	467	5
631	2837	851	852	102	454	4	141	4	306	3
632	2838	852	853	77	355	5	138	5	340	5
633	2839	853	854	92	324	2	84	2	204	2
634	2840	855	856	77	150	2	37	2	204	2
635	2841	857	856	90	0	0	0	0	0	0
636	2842	797	128	56	158	1	46	1	59	1
637	2844	858	131	45	261	3	71	3	510	2
638	2845	859	860	55	359	4	126	4	0	0
639	2846	861	862	48	274	4	100	4	0	0
640	2847	863	864	69	589	6	185	6	569	6
641	2848	865	863	113	375	4	110	4	263	3
642	2850	866	867	46	218	3	63	3	510	2
643	2851	868	869	105	1032	6	372	6	569	6
644	2852	869	870	19	323	1	85	1	102	1
645	2853	871	869	91	702	5	199	5	510	5
646	2854	872	868	47	298	3	93	3	263	3
647	2855	868	865	42	0	0	0	0	0	0
648	2856	865	873	31	0	0	0	0	0	0
649	2857	873	874	132	2077	10	712	10	875	9
650	2858	131	875	9	0	0	0	0	0	0
651	2859	875	860	15	0	0	0	0	0	0
652	2860	861	866	6	0	0	0	0	0	0
653	2861	866	875	16	0	0	0	0	0	0
654	2862	876	877	418	0	0	0	0	0	0
655	2863	133	130	140	865	7	266	7	671	7
656	2864	873	878	92	504	4	176	4	263	3
657	2865	878	879	12	90	1	29	1	59	1
658	2866	132	5	98	0	0	0	0	0	0
659	2867	880	132	454	314	2	94	2	204	2
660	2868	881	882	448	0	0	0	0	0	0
661	2869	882	373	475	76	1	18	1	102	1
662	2870	883	884	39	567	4	182	4	306	3
663	2871	885	886	38	860	10	262	10	425	5
664	2872	887	888	37	480	1	200	1	102	1
665	2873	889	890	89	285	3	106	3	306	3
666	2874	890	891	45	91	1	28	1	102	1
667	2875	891	892	162	470	2	142	2	306	3
668	2876	891	799	42	0	0	0	0	0	0
669	2877	554	893	47	223	3	58	3	306	3
670	2878	554	894	57	0	0	0	0	0	0
671	2880	895	896	27	386	1	124	1	255	1
672	2881	800	897	26	0	0	0	0	0	0
673	2882	889	884	78	630	4	204	4	408	4
674	2883	886	898	69	443	2	153	2	204	2
675	2884	898	899	58	830	7	251	7	612	6
676	2885	892	887	39	146	2	41	2	204	2
677	2886	900	901	84	160	1	44	1	102	1
678	2887	901	902	59	159	1	45	1	102	1
679	2888	897	892	21	0	0	0	0	0	0
680	2889	892	903	168	725	4	304	4	306	3
681	2890	903	904	11	76	1	18	1	0	0
682	2891	904	337	76	0	0	0	0	0	0
683	2892	337	905	39	321	1	87	1	102	1
684	2893	905	374	68	92	1	27	1	102	1
685	2895	374	906	929	699	6	202	6	612	6
686	2896	742	902	450	283	3	108	3	263	3
687	2897	900	907	75	490	5	199	5	569	6
688	2898	907	887	32	0	0	0	0	0	0
689	2899	908	909	231	155	1	49	1	102	1
690	2901	910	911	99	294	1	114	1	102	1
691	2902	912	910	84	303	1	105	1	102	1
692	2903	913	466	419	0	0	0	0	0	0
693	2904	466	914	51	0	0	0	0	0	0
694	2905	60	414	106	263	1	77	1	102	1
695	2906	60	915	90	0	0	0	0	0	0
696	2907	916	917	70	73	1	21	1	102	1
697	2908	918	919	72	286	3	89	3	263	3
698	2909	920	921	41	757	5	246	5	467	5
699	2910	922	247	29	505	4	201	4	365	4
700	2911	923	924	79	1521	8	426	8	612	6
701	2912	925	926	88	234	2	64	2	161	2
702	2913	927	928	250	351	4	134	4	510	5
703	2914	928	929	27	0	0	0	0	0	0
704	2915	929	930	91	138	1	50	1	102	1
705	2916	931	932	84	514	5	200	5	510	5
706	2917	933	934	43	360	2	142	2	204	2
707	2919	929	934	59	217	2	81	2	161	2
708	2920	934	931	12	0	0	0	0	0	0
709	2921	931	920	49	0	0	0	0	0	0
710	2922	920	935	89	294	3	97	3	306	3
711	2923	915	936	1002	290	1	118	1	59	1
712	2924	382	12	340	0	0	0	0	0	0
713	2925	937	13	527	143	1	45	1	0	0
714	2926	13	930	313	0	0	0	0	0	0
715	2927	930	936	28	0	0	0	0	0	0
716	2928	936	938	453	0	0	0	0	0	0
717	2929	938	939	92	0	0	0	0	0	0
718	2930	938	940	67	0	0	0	0	0	0
719	2931	940	927	495	161	1	43	1	102	1
720	2932	927	129	6	0	0	0	0	0	0
721	2933	129	941	83	410	4	126	4	408	4
722	2934	941	919	77	821	9	242	9	714	7
723	2935	919	124	44	518	5	171	5	365	4
724	2936	942	925	17	72	1	22	1	102	1
725	2939	123	943	28	74	1	20	1	0	0
726	2940	944	945	48	502	3	204	3	306	3
727	2941	946	947	93	455	3	157	3	306	3
728	2942	948	949	79	162	2	51	2	204	2
729	2943	355	950	155	316	1	92	1	255	1
730	2944	951	101	89	222	3	59	3	306	3
731	2945	952	871	115	976	6	350	6	569	6
732	2946	953	954	72	225	2	73	2	204	2
733	2947	954	955	73	437	3	175	3	306	3
734	2948	955	956	9	0	0	0	0	0	0
735	2949	956	952	35	0	0	0	0	0	0
736	2950	952	872	15	150	1	38	1	102	1
737	2951	957	948	113	771	6	241	6	527	6
738	2952	948	951	40	0	0	0	0	0	0
739	2953	879	958	23	159	1	45	1	102	1
740	2954	101	949	47	612	2	162	2	459	3
741	2955	949	944	50	445	4	135	4	408	4
742	2956	944	16	55	240	2	83	2	102	1
743	2957	100	959	236	229	2	69	2	102	1
744	2958	959	960	82	0	0	0	0	0	0
745	2959	961	880	203	90	1	29	1	102	1
746	2960	99	961	42	0	0	0	0	0	0
747	2961	961	950	67	0	0	0	0	0	0
748	2962	950	148	216	0	0	0	0	0	0
749	2963	16	957	57	386	3	107	3	306	3
750	2964	386	152	713	379	3	123	3	204	2
751	2965	152	355	58	0	0	0	0	0	0
752	2966	819	541	232	190	1	48	1	102	1
753	2967	962	963	120	980	6	321	6	663	5
754	2968	964	965	102	627	2	172	2	357	2
755	2969	812	966	53	0	0	0	0	0	0
756	2970	966	967	345	162	1	42	1	102	1
757	2972	968	818	53	0	0	0	0	0	0
758	2973	963	965	114	149	1	39	1	59	1
759	2974	969	970	28	0	0	0	0	0	0
760	2975	970	803	22	0	0	0	0	0	0
761	2976	803	971	28	0	0	0	0	0	0
762	2977	971	969	22	0	0	0	0	0	0
763	2978	972	973	36	0	0	0	0	0	0
764	2979	974	975	117	406	3	121	3	306	3
765	2980	976	977	115	446	4	175	4	408	4
766	2981	978	979	123	1171	10	462	10	892	10
767	2982	980	981	103	248	2	75	2	161	2
768	2983	982	983	40	359	3	143	3	263	3
769	2984	984	985	59	649	3	167	3	306	3
770	2985	986	985	63	770	6	259	6	527	6
771	2986	987	988	161	3976	5	1124	5	306	3
772	2987	989	990	97	1056	8	296	8	773	8
773	2988	836	991	303	0	0	0	0	0	0
774	2989	980	837	81	160	1	44	1	102	1
775	2990	992	993	65	278	4	96	4	263	3
776	2991	924	994	31	290	3	101	3	306	3
777	2992	394	995	75	309	2	99	2	204	2
778	2993	557	319	46	0	0	0	0	0	0
779	2994	996	429	50	0	0	0	0	0	0
780	2995	532	997	61	373	4	96	4	0	0
781	2996	998	504	75	448	3	164	3	306	3
782	2998	832	999	51	470	4	176	4	365	4
783	2999	1000	1001	92	688	5	205	5	408	4
784	3000	667	1002	24	0	0	0	0	0	0
785	3001	1000	514	37	0	0	0	0	0	0
786	3002	1003	1004	237	2145	15	567	15	1317	15
787	3003	1005	1006	170	1600	11	653	11	1181	12
788	3004	1006	1007	26	139	1	49	1	102	1
789	3005	1007	550	112	863	7	328	7	569	6
790	3006	550	1008	97	519	5	179	5	323	4
791	3007	1009	98	64	663	5	214	5	510	5
792	3008	1010	979	107	1480	11	621	11	1232	11
793	3009	979	1011	61	776	5	227	5	408	4
794	3010	977	1012	21	391	1	119	1	255	1
795	3011	964	962	87	1237	6	337	6	561	4
796	3012	968	1013	8	0	0	0	0	0	0
797	3013	1013	1014	91	1138	5	342	5	467	5
798	3014	1015	987	74	162	1	42	1	102	1
799	3015	987	681	85	940	5	250	5	323	4
800	3016	681	1008	76	417	4	144	4	408	4
801	3017	1008	1004	68	371	3	131	3	263	3
802	3018	1016	1017	26	0	0	0	0	0	0
803	3019	1007	1018	86	241	3	65	3	306	3
804	3020	1019	1017	76	331	3	86	3	306	3
805	3021	1017	992	16	0	0	0	0	0	0
806	3022	981	674	74	73	1	21	1	102	1
807	3023	1020	1021	28	189	1	49	1	102	1
808	3024	1021	1006	99	372	3	130	3	102	1
809	3025	1021	833	213	709	6	260	6	510	5
810	3026	833	821	36	0	0	0	0	0	0
811	3027	821	1022	109	421	3	124	3	221	3
812	3028	1022	1023	72	201	3	80	3	306	3
813	3029	1023	1024	170	1579	2	461	2	255	1
814	3030	1024	1025	11	0	0	0	0	0	0
815	3031	1025	1026	124	3862	5	1238	5	0	0
816	3032	1026	666	158	786	7	251	7	629	7
817	3033	666	1009	217	870	9	313	9	773	8
818	3034	1020	836	263	846	6	251	6	365	4
819	3039	842	1027	125	0	0	0	0	0	0
820	3040	1028	840	26	149	1	55	1	102	1
821	3041	840	991	67	0	0	0	0	0	0
822	3043	717	1029	313	0	0	0	0	0	0
823	3044	841	1030	64	93	1	26	1	510	2
824	3046	1029	1031	91	0	0	0	0	0	0
825	3047	1031	1032	115	0	0	0	0	0	0
826	3048	1032	1033	80	0	0	0	0	0	0
827	3049	1033	1034	433	143	2	44	2	102	1
828	3050	1035	1036	732	220	2	78	2	204	2
829	3051	1031	1037	223	0	0	0	0	0	0
830	3052	1033	1038	228	0	0	0	0	0	0
831	3053	1035	1039	307	74	1	20	1	59	1
832	3056	330	1041	216	0	0	0	0	0	0
833	3058	844	1042	34	0	0	0	0	0	0
834	3059	1043	1044	432	72	1	22	1	102	1
835	3060	1044	1045	730	0	0	0	0	0	0
836	3061	1046	1047	596	91	1	28	1	102	1
837	3062	1047	1044	291	0	0	0	0	0	0
838	3063	1044	1048	165	0	0	0	0	0	0
839	3064	1049	1050	328	435	3	161	3	306	3
840	3065	1046	276	227	157	1	47	1	102	1
841	3066	276	274	398	152	1	52	1	102	1
842	3067	1043	1051	8	0	0	0	0	0	0
843	3068	1051	1052	174	225	2	73	2	204	2
844	3069	1049	1053	39	0	0	0	0	0	0
845	3070	1054	1055	142	0	0	0	0	0	0
846	3071	1056	1057	67	582	4	201	4	323	4
847	3073	1058	563	27	449	3	113	3	0	0
848	3080	1059	1045	827	309	2	83	2	204	2
849	3081	1045	1060	614	0	0	0	0	0	0
850	3082	1050	1046	8	0	0	0	0	0	0
851	3083	1046	969	699	0	0	0	0	0	0
852	3084	1059	1061	443	76	1	18	1	0	0
853	3086	845	1062	81	71	1	23	1	102	1
854	3087	1062	519	215	0	0	0	0	0	0
855	3088	517	1063	63	163	1	41	1	59	1
856	3090	1064	1065	66	522	5	133	5	306	3
857	3091	1065	1066	138	777	6	201	6	612	6
858	3092	1067	1068	304	0	0	0	0	0	0
859	3095	1064	1066	507	1245	11	387	11	1079	11
860	3096	1065	1042	566	407	3	120	3	204	2
861	3097	1069	528	648	0	0	0	0	0	0
862	3098	1063	1070	181	232	3	74	3	306	3
863	3100	1068	580	403	0	0	0	0	0	0
864	3101	1071	1072	33	626	4	174	4	365	4
865	3102	855	857	83	0	0	0	0	0	0
866	3104	1073	1074	259	759	6	210	6	612	6
867	3105	255	1075	103	367	2	135	2	161	2
868	3106	1076	1077	29	96	1	23	1	102	1
869	3114	856	1078	32	0	0	0	0	0	0
870	3115	1078	255	61	0	0	0	0	0	0
871	3116	1079	1080	26	0	0	0	0	0	0
872	3117	1080	555	30	295	1	113	1	0	0
873	3118	1076	1081	42	632	4	184	4	408	4
874	3119	1080	1082	108	1125	7	296	7	629	7
875	3120	1079	850	206	183	2	55	2	306	3
876	3121	850	1083	39	0	0	0	0	0	0
877	3122	1084	846	45	0	0	0	0	0	0
878	3123	1084	854	50	152	1	52	1	102	1
879	3124	854	1085	224	1921	16	707	16	1181	12
880	3125	852	849	109	489	2	123	2	102	1
881	3126	849	1086	56	162	2	51	2	204	2
882	3127	1087	1088	165	1129	11	325	11	1037	11
883	3131	528	1089	816	0	0	0	0	0	0
884	3134	1090	580	53	0	0	0	0	0	0
885	3136	1089	1067	422	0	0	0	0	0	0
886	3137	1090	1091	145	92	1	27	1	59	1
887	3138	1092	1068	892	0	0	0	0	0	0
888	3139	1093	1094	78	289	3	102	3	263	3
889	3140	1094	1095	76	215	3	66	3	263	3
890	3141	1095	567	58	182	1	56	1	102	1
891	3142	569	1096	70	0	0	0	0	0	0
892	3143	1096	1097	26	0	0	0	0	0	0
893	3144	1071	1093	34	159	2	54	2	161	2
894	3147	1098	1099	188	655	5	255	5	365	4
895	3148	1100	1101	132	478	2	134	2	204	2
896	3151	1102	498	107	77	1	17	1	102	1
897	3152	496	1103	177	290	2	84	2	204	2
898	3153	1103	1104	38	0	0	0	0	0	0
899	3155	293	1105	19	0	0	0	0	0	0
900	3156	1106	1107	176	1428	11	519	11	807	10
901	3157	569	565	209	1373	8	446	8	816	8
902	3158	1095	565	80	229	2	69	2	204	2
903	3159	1094	1108	86	303	3	88	3	263	3
904	3160	1109	1110	38	237	2	86	2	204	2
905	3161	1110	1084	88	443	3	152	3	263	3
906	3162	555	1098	25	95	1	24	1	59	1
907	3163	1098	1056	4	0	0	0	0	0	0
908	3164	1111	1112	61	151	1	53	1	102	1
909	3165	1113	1114	98	377	3	109	3	408	4
910	3166	1115	1116	14	0	0	0	0	0	0
911	3167	1116	1117	18	304	2	104	2	161	2
912	3168	1099	1118	16	147	1	57	1	59	1
913	3169	1119	1120	114	2180	14	873	14	994	11
914	3171	1112	1088	160	148	1	56	1	0	0
915	3172	1100	1121	36	157	1	47	1	102	1
916	3173	1121	1122	131	1121	7	324	7	671	7
917	3175	1123	1124	23	183	1	55	1	102	1
918	3176	1124	1125	22	75	1	19	1	102	1
919	3177	465	1126	18	0	0	0	0	0	0
920	3178	1126	1127	85	149	1	55	1	102	1
921	3179	1127	894	75	800	6	322	6	612	6
922	3180	846	1097	105	657	6	244	6	467	5
923	3181	1097	1107	45	216	2	66	2	357	2
924	3182	1107	895	47	682	3	220	3	102	1
925	3183	895	1128	170	4079	18	1490	18	1334	12
926	3184	1128	1113	20	761	1	259	1	102	1
927	3185	1086	1106	67	158	1	46	1	102	1
928	3186	1128	1129	21	0	0	0	0	0	0
929	3187	1100	1130	75	904	7	252	7	544	7
930	3188	1131	1132	76	954	6	270	6	484	6
931	3189	1133	1134	88	820	7	243	7	629	7
932	3190	296	1133	47	149	1	55	1	102	1
933	3191	1133	1135	65	76	1	18	1	59	1
934	3192	1135	1136	60	153	1	51	1	0	0
935	3198	924	1137	17	0	0	0	0	0	0
936	3199	1138	1139	460	0	0	0	0	0	0
937	3200	1138	1140	87	147	2	40	2	102	1
938	3201	1140	1141	449	0	0	0	0	0	0
939	3203	415	380	389	337	2	97	2	255	1
940	3210	296	1142	107	0	0	0	0	0	0
941	3211	1143	1144	13	0	0	0	0	0	0
942	3267	1145	1146	36	502	5	155	5	0	0
943	3275	1147	1148	23	215	2	67	2	102	1
944	3276	1149	1150	23	223	2	75	2	161	2
945	3277	1151	1152	30	73	1	21	1	102	1
946	3278	1018	1153	25	470	2	126	2	204	2
947	3279	1154	1155	21	2247	3	813	3	510	2
948	3280	1156	1157	51	557	4	191	4	0	0
949	3281	1158	1159	19	322	1	86	1	102	1
950	3282	1160	1161	25	430	3	132	3	0	0
951	3290	835	1162	86	315	4	85	4	323	4
952	3291	1162	1163	55	397	2	105	2	204	2
953	3292	1164	1165	8	914	2	294	2	59	1
954	3293	1144	1166	64	629	9	238	9	476	8
955	3294	1166	1167	5	0	0	0	0	0	0
956	3295	1142	1143	51	0	0	0	0	0	0
957	3300	1168	1169	123	72	1	22	1	102	1
958	3301	1170	1171	70	288	4	87	4	255	1
959	3302	556	1172	27	1001	3	359	3	510	2
960	3305	1133	1173	63	620	4	196	4	408	4
961	3306	1174	1175	17	149	2	38	2	204	2
962	3308	1118	1176	18	296	2	112	2	204	2
963	3309	1114	1177	41	165	2	48	2	161	2
964	3310	1178	1179	77	158	1	46	1	102	1
965	3311	1180	1181	131	135	2	52	2	204	2
966	3312	1182	1011	34	307	1	101	1	0	0
967	3313	1183	1184	61	0	0	0	0	0	0
968	3315	1185	1100	50	716	5	288	5	569	6
969	3316	1129	1186	77	312	1	96	1	102	1
970	3317	1186	1121	44	0	0	0	0	0	0
971	3318	1106	1187	69	163	1	41	1	102	1
972	3319	1187	1116	113	150	1	38	1	0	0
973	3320	1188	1189	86	292	1	116	1	102	1
974	3321	1190	1191	97	187	1	51	1	59	1
975	3347	1109	1192	97	468	4	127	4	365	4
976	3348	1192	1193	9	0	0	0	0	0	0
977	3352	998	293	133	518	4	188	4	408	4
978	3380	282	1168	275	0	0	0	0	0	0
979	3381	1168	844	282	0	0	0	0	0	0
980	3382	1089	1178	31	0	0	0	0	0	0
981	3383	1178	1090	231	92	1	27	1	102	1
982	3388	1194	545	697	220	2	78	2	204	2
983	3389	1195	1196	154	663	5	255	5	510	5
984	3390	1196	1197	10	0	0	0	0	0	0
985	3392	1198	1199	820	0	0	0	0	0	0
986	3393	255	1200	86	377	3	150	3	263	3
987	3394	1200	1120	82	325	3	92	3	306	3
988	3395	559	1200	18	0	0	0	0	0	0
989	3396	96	1079	47	227	2	71	2	204	2
990	3397	1056	1201	21	0	0	0	0	0	0
991	3398	1202	1170	29	0	0	0	0	0	0
992	3399	1170	851	142	340	5	128	5	0	0
993	3400	556	1202	13	0	0	0	0	0	0
994	3401	1193	1203	22	90	1	29	1	102	1
995	3402	1119	1204	68	323	2	119	2	204	2
996	3403	1204	1205	1079	789	7	223	7	569	6
997	3404	1118	1119	23	0	0	0	0	0	0
998	3405	1114	1206	15	0	0	0	0	0	0
999	3406	1129	1207	17	0	0	0	0	0	0
1000	3407	1131	1208	6	0	0	0	0	0	0
1001	3408	1208	1209	22	144	2	43	2	0	0
1002	3409	1208	1210	24	0	0	0	0	0	0
1003	3410	1210	1211	20	138	2	49	2	0	0
1004	3411	1210	1212	29	0	0	0	0	0	0
1005	3412	1212	1213	21	148	2	39	2	0	0
1006	3413	1214	1215	63	655	5	229	5	467	5
1007	3414	1125	1174	63	831	7	250	7	484	6
1008	3415	1174	1130	74	522	3	184	3	306	3
1009	3416	1216	1122	58	308	4	117	4	263	3
1010	3417	1217	1216	48	1075	3	337	3	357	2
1011	3418	1218	1217	58	904	6	252	6	306	3
1012	3419	1219	1218	13	0	0	0	0	0	0
1013	3420	1142	575	52	713	8	222	8	476	8
1014	3422	902	1220	74	438	3	174	3	306	3
1015	3423	1220	900	42	289	3	102	3	306	3
1016	3424	1221	301	808	0	0	0	0	0	0
1017	3425	1221	1222	19	0	0	0	0	0	0
1018	3426	354	1223	40	165	1	39	1	102	1
1019	3427	1223	1224	52	0	0	0	0	0	0
1020	3428	1225	338	57	0	0	0	0	0	0
1021	3429	903	1226	57	139	2	48	2	102	1
1022	3430	958	101	50	90	1	29	1	59	1
1023	3431	103	956	100	553	4	162	4	408	4
1024	3432	124	126	27	78	1	16	1	0	0
1025	3433	126	942	34	928	4	364	4	561	4
1026	3434	1227	447	78	370	3	100	3	0	0
1027	3437	1228	1229	35	141	1	47	1	0	0
1028	3438	458	1228	125	616	5	226	5	0	0
1029	3441	1230	1231	88	157	1	47	1	102	1
1030	3442	523	236	324	0	0	0	0	0	0
1031	3446	1232	368	105	0	0	0	0	0	0
1032	3447	368	1233	593	397	4	113	4	365	4
1033	3452	1234	1235	13	0	0	0	0	0	0
1034	3453	1181	1236	512	0	0	0	0	0	0
1035	3454	1237	1236	342	0	0	0	0	0	0
1036	3455	1197	1238	533	93	1	26	1	59	1
1037	3456	1238	1239	97	74	1	20	1	59	1
1038	3457	1240	1241	50	285	3	106	3	204	2
1039	3458	1242	1243	20	0	0	0	0	0	0
1040	3459	1244	1245	152	0	0	0	0	0	0
1041	3461	1245	1246	285	985	7	409	7	671	7
1042	3462	1247	757	23	153	1	51	1	59	1
1043	3463	371	1248	696	0	0	0	0	0	0
1044	3464	1249	14	74	91	1	28	1	59	1
1045	3465	1250	1251	15	0	0	0	0	0	0
1046	3466	1250	1252	25	162	2	51	2	0	0
1047	3467	1253	1254	18	314	1	94	1	0	0
1048	3468	1255	1256	56	73	1	21	1	102	1
1049	3469	1257	529	82	545	3	161	3	102	1
1050	3470	530	531	60	0	0	0	0	0	0
1051	3471	398	557	13	0	0	0	0	0	0
1052	3472	394	395	101	226	2	72	2	204	2
1053	3473	532	1258	107	77	1	17	1	102	1
1054	3474	1259	1260	72	157	1	47	1	59	1
1055	3475	674	1261	643	476	3	136	3	306	3
1056	3476	1038	1054	238	153	1	51	1	102	1
1057	3477	1038	1037	230	0	0	0	0	0	0
1058	3478	429	1262	51	0	0	0	0	0	0
1059	3479	1262	430	107	0	0	0	0	0	0
1060	3480	1262	1263	78	145	1	43	1	102	1
1061	3482	431	996	180	212	2	70	2	204	2
1062	3495	1027	1264	37	89	1	30	1	0	0
1063	3497	1265	1266	103	218	2	80	2	204	2
1064	3498	1149	1151	43	0	0	0	0	0	0
1065	3499	1151	8	155	163	2	50	2	161	2
1066	3500	1018	1019	59	475	3	137	3	263	3
1067	3501	1267	1268	33	451	3	161	3	306	3
1068	3502	1268	667	70	802	5	303	5	408	4
1069	3503	1183	975	7	0	0	0	0	0	0
1070	3504	975	1184	14	0	0	0	0	0	0
1071	3505	1184	964	14	152	1	52	1	102	1
1072	3506	1011	977	34	1065	4	321	4	714	4
1073	3507	1012	1183	25	474	2	130	2	102	1
1074	3508	962	1269	3	0	0	0	0	0	0
1075	3509	1269	1270	32	386	4	134	4	221	3
1076	3510	1270	968	32	507	2	139	2	102	1
1077	3511	1014	1158	31	0	0	0	0	0	0
1078	3512	1158	1160	45	642	2	242	2	357	2
1079	3513	98	1147	3	0	0	0	0	0	0
1080	3514	1147	1010	80	691	6	220	6	408	4
1081	3515	1271	1272	80	1348	7	446	7	680	6
1082	3516	1272	808	108	625	5	251	5	408	4
1083	3517	1156	973	75	1008	5	386	5	255	1
1084	3518	1273	1274	111	560	6	206	6	510	5
1085	3519	1274	1275	54	413	6	148	6	0	0
1086	3520	1276	1277	190	156	1	48	1	0	0
1087	3522	1278	1279	305	0	0	0	0	0	0
1088	3523	1279	1237	250	142	2	45	2	161	2
1089	3524	1279	1280	112	75	1	19	1	102	1
1090	3525	534	1281	97	0	0	0	0	0	0
1091	3526	534	1282	412	584	4	164	4	0	0
1092	3527	1198	702	336	216	2	66	2	102	1
1093	3529	759	1283	153	0	0	0	0	0	0
1094	3530	1283	1284	84	162	1	42	1	102	1
1095	3531	1234	1285	608	226	3	55	3	306	3
1096	3532	1285	1244	498	70	1	24	1	0	0
1097	3533	1285	1286	217	299	1	109	1	102	1
1098	3534	486	783	111	0	0	0	0	0	0
1099	3536	783	1287	222	72	1	22	1	102	1
1100	3537	1288	1289	72	0	0	0	0	0	0
1101	3538	1289	1290	193	74	1	20	1	102	1
1102	3539	1291	1292	154	152	1	52	1	102	1
1103	3540	909	1293	166	159	1	45	1	0	0
1104	3541	1293	1294	899	0	0	0	0	0	0
1105	3542	1293	1295	85	88	1	31	1	102	1
1106	3543	762	1296	32	0	0	0	0	0	0
1107	3544	1296	1297	98	75	1	19	1	59	1
1108	3545	1298	1296	253	74	1	20	1	0	0
1109	3546	1299	1300	123	0	0	0	0	0	0
1110	3547	1299	1301	101	73	1	21	1	102	1
1111	3548	1302	707	295	74	1	20	1	0	0
1112	3549	707	1230	68	0	0	0	0	0	0
1113	3550	906	1303	635	297	4	77	4	408	4
1114	3551	1303	1304	390	77	1	17	1	102	1
1115	3552	1303	1305	119	89	1	30	1	102	1
1116	3553	793	1306	249	156	1	48	1	204	2
1117	3554	1306	881	205	269	1	71	1	102	1
1118	3555	1306	1307	138	75	1	19	1	59	1
1119	3556	742	1308	498	138	2	49	2	161	2
1120	3557	1308	1309	11	0	0	0	0	0	0
1121	3558	1308	1310	170	159	1	45	1	102	1
1122	3559	881	1311	167	0	0	0	0	0	0
1123	3560	1311	1222	178	95	1	24	1	102	1
1124	3561	1311	1312	114	161	1	43	1	0	0
1125	3563	1122	1313	99	725	5	262	5	365	4
1126	3564	1313	1113	72	1087	4	308	4	518	4
1127	3565	1314	1315	92	509	5	171	5	467	5
1128	3566	1315	1316	43	365	4	145	4	306	3
1129	3567	1167	1317	34	446	6	115	6	297	5
1130	3568	1317	1164	40	503	7	152	7	459	7
1131	3569	1117	1318	38	528	5	161	5	323	4
1132	3570	1318	1099	15	318	2	90	2	102	1
1133	3571	1319	1320	31	472	7	183	7	416	7
1134	3572	1320	1321	24	211	3	70	3	178	3
1135	3573	1144	1314	65	0	0	0	0	0	0
1136	3575	1203	1322	18	158	1	46	1	102	1
1137	3576	1322	1095	15	0	0	0	0	0	0
1138	3577	1127	1323	38	731	1	289	1	510	2
1139	3578	1324	1325	83	1069	10	343	10	790	9
1140	3579	1323	1326	29	283	3	92	3	306	3
1141	3581	1327	1123	40	149	1	39	1	102	1
1142	3582	1328	1218	23	275	2	99	2	255	1
1143	3583	1207	1185	14	70	1	24	1	102	1
1144	3584	269	1329	30	70	1	24	1	102	1
1145	3585	1329	1330	39	0	0	0	0	0	0
1146	3586	1331	1332	803	75	1	19	1	102	1
1147	3587	1333	1334	24	0	0	0	0	0	0
1148	3588	711	1330	21	0	0	0	0	0	0
1149	3591	138	1335	60	0	0	0	0	0	0
1150	3592	1335	628	229	0	0	0	0	0	0
1151	3593	1191	1115	45	0	0	0	0	0	0
1152	3594	134	1336	64	0	0	0	0	0	0
1153	3595	1336	1337	121	96	1	23	1	59	1
1154	3596	1073	1338	167	149	2	38	2	306	3
1155	3597	1338	297	119	680	6	248	6	527	6
1156	3598	1339	1340	52	287	3	104	3	204	2
1157	3599	1340	1076	47	391	3	136	3	263	3
1158	3600	1088	1341	110	869	6	338	6	408	4
1159	3601	1341	1073	78	671	7	205	7	612	6
1160	3602	1083	1342	27	477	2	135	2	204	2
1161	3605	1085	1343	122	308	2	100	2	204	2
1162	3606	1343	1344	162	0	0	0	0	0	0
1163	3607	1342	1345	135	902	8	288	8	773	8
1164	3608	1345	1346	79	440	4	121	4	365	4
1165	3609	1347	694	51	158	2	55	2	102	1
1166	3610	695	1348	53	463	2	149	2	204	2
1167	3611	1349	1350	100	71	1	23	1	102	1
1168	3612	1350	1351	88	72	1	22	1	59	1
1169	3613	335	1352	117	630	6	178	6	527	6
1170	3614	1352	1353	138	1397	10	380	10	918	9
1171	3615	1354	1355	131	1165	10	348	10	850	10
1172	3616	1356	1357	80	780	4	318	4	365	4
1173	3617	1357	1358	79	365	3	137	3	306	3
1174	3618	1358	1359	85	508	4	182	4	408	4
1175	3619	1359	1360	96	368	3	134	3	263	3
1176	3621	1361	1362	135	1014	9	321	9	875	9
1177	3622	1363	1356	51	156	1	48	1	102	1
1178	3623	1356	1364	108	365	4	120	4	408	4
1179	3625	759	1239	495	0	0	0	0	0	0
1180	3626	779	1365	580	214	2	84	2	204	2
1181	3628	1233	1366	780	157	1	47	1	59	1
1182	3629	1261	1055	681	94	1	25	1	102	1
1183	3630	1029	1037	272	456	2	156	2	204	2
1184	3631	1206	1115	38	220	2	78	2	161	2
1185	3633	1367	1368	808	0	0	0	0	0	0
1186	3636	1369	1194	223	163	1	41	1	102	1
1187	3638	1370	1371	67	366	3	136	3	306	3
1188	3639	1372	1373	43	162	1	42	1	102	1
1189	3640	1374	1375	60	158	1	46	1	102	1
1190	3641	1376	1377	124	0	0	0	0	0	0
1191	3642	1378	1377	55	75	1	19	1	102	1
1192	3643	1379	160	771	295	2	113	2	306	3
1193	3644	160	625	441	318	3	99	3	306	3
1194	3647	769	764	453	159	1	45	1	102	1
1195	3648	757	746	210	1230	8	445	8	688	8
1196	3649	1281	1380	351	140	1	48	1	0	0
1197	3650	1380	1381	418	0	0	0	0	0	0
1198	3652	1382	1383	222	163	1	41	1	102	1
1199	3653	1383	1384	97	0	0	0	0	0	0
1200	3654	1297	1382	375	0	0	0	0	0	0
1201	3655	1385	1384	371	70	1	24	1	102	1
1202	3656	1386	1387	405	297	2	111	2	204	2
1203	3657	686	62	282	337	4	132	4	263	3
1204	3658	905	904	114	763	8	301	8	714	7
1205	3659	940	939	143	0	0	0	0	0	0
1206	3660	388	396	173	0	0	0	0	0	0
1207	3661	1388	406	692	545	3	152	3	306	3
1208	3662	709	405	90	302	3	89	3	306	3
1209	3663	406	407	390	0	0	0	0	0	0
1210	3664	1389	1390	35	401	4	118	4	0	0
1211	3665	446	450	145	352	3	116	3	0	0
1212	3666	441	456	36	177	1	61	1	0	0
1213	3667	454	445	50	143	1	45	1	0	0
1214	3668	459	454	65	137	1	51	1	0	0
1215	3669	435	459	163	0	0	0	0	0	0
1216	3670	1391	1372	85	217	2	81	2	204	2
1217	3671	363	1392	316	0	0	0	0	0	0
1218	3672	1393	1394	59	518	4	138	4	0	0
1219	3693	1256	1395	46	0	0	0	0	0	0
1220	3694	1395	1396	5	0	0	0	0	0	0
1221	3695	1397	1254	85	322	1	86	1	0	0
1222	3696	1398	1254	67	0	0	0	0	0	0
1223	3697	1396	1399	172	1447	10	467	10	102	1
1224	3704	1400	1401	52	0	0	0	0	0	0
1225	3705	1402	1403	1228	74	1	20	1	102	1
1226	3706	1400	1403	124	148	2	39	2	161	2
1227	3707	143	1404	169	0	0	0	0	0	0
1228	3708	629	1405	265	158	1	46	1	59	1
1229	3709	643	1406	145	92	1	27	1	59	1
1230	3712	1407	640	96	0	0	0	0	0	0
1231	3713	1408	1409	791	0	0	0	0	0	0
1232	3714	274	1410	251	485	3	127	3	306	3
1233	3715	1410	1043	250	1437	11	563	11	833	9
1234	3716	1411	1060	409	166	2	47	2	161	2
1235	3717	1412	1411	72	0	0	0	0	0	0
1236	3718	1053	1412	494	254	2	69	2	204	2
1237	3719	1039	1055	583	0	0	0	0	0	0
1238	3720	298	526	250	1791	5	641	5	255	1
1239	3723	294	1205	1205	72	1	22	1	0	0
1240	3733	1413	1414	9	0	0	0	0	0	0
1241	3734	1415	1416	246	0	0	0	0	0	0
1242	3735	1417	17	58	379	3	123	3	263	3
1243	3761	1418	697	339	0	0	0	0	0	0
1244	3762	1419	1420	104	394	4	116	4	408	4
1245	3770	543	524	732	0	0	0	0	0	0
1246	3772	525	1233	439	0	0	0	0	0	0
1247	3786	1422	1423	1765	0	0	0	0	0	0
1248	3787	1181	1242	842	0	0	0	0	0	0
1249	3788	1248	400	1286	558	5	225	5	365	4
1250	3790	711	1329	39	0	0	0	0	0	0
1251	3792	1424	1425	34	0	0	0	0	0	0
1252	3793	1425	1426	371	307	1	101	1	102	1
1253	3794	1426	1427	226	0	0	0	0	0	0
1254	3795	364	1428	652	0	0	0	0	0	0
1255	3796	1427	1429	40	158	1	46	1	59	1
1256	3797	1429	688	17	0	0	0	0	0	0
1257	3798	688	1430	49	290	2	118	2	161	2
1258	3799	1430	334	9	0	0	0	0	0	0
1259	3800	334	1431	40	158	1	46	1	102	1
1260	3801	1432	1433	133	318	3	124	3	59	1
1261	3802	1433	1434	154	162	1	42	1	102	1
1262	3803	1434	1435	82	97	1	22	1	102	1
1263	3804	268	582	141	0	0	0	0	0	0
1264	3805	1436	77	35	139	2	48	2	0	0
1265	3806	1436	1437	41	161	1	43	1	102	1
1266	3807	1437	336	68	305	2	87	2	161	2
1267	3808	221	1438	38	148	1	40	1	102	1
1268	3809	1438	1439	32	91	1	28	1	102	1
1269	3810	1439	1440	102	569	7	188	7	569	6
1270	3811	584	1441	65	382	2	145	2	161	2
1271	3813	621	1349	161	212	2	86	2	204	2
1272	3814	1360	1442	21	297	2	77	2	102	1
1273	3815	1443	1444	76	705	4	205	4	365	4
1274	3816	1444	1352	90	500	3	206	3	221	3
1275	3817	1352	1354	94	425	5	179	5	510	5
1276	3818	1354	1351	93	515	7	165	7	459	7
1277	3819	1351	1358	117	420	4	116	4	323	4
1278	3820	1358	1347	118	552	4	163	4	408	4
1279	3821	1445	1446	55	217	2	81	2	204	2
1280	3822	1447	229	61	625	3	191	3	306	3
1281	3823	1333	1448	55	229	2	69	2	161	2
1282	3824	588	1378	47	0	0	0	0	0	0
1283	3825	1406	1449	406	283	2	109	2	204	2
1284	3826	1449	347	149	0	0	0	0	0	0
1285	3827	1450	1408	853	343	3	99	3	204	2
1286	3828	1451	1357	49	315	1	93	1	59	1
1287	3829	1357	1452	111	488	4	133	4	365	4
1288	3830	1453	1454	111	1259	11	492	11	833	9
1289	3831	1359	1350	141	987	7	314	7	629	7
1290	3832	1350	335	191	2224	11	693	11	1300	11
1291	3833	1455	1355	27	453	3	159	3	263	3
1292	3834	221	1456	43	72	1	22	1	102	1
1293	3835	1456	1457	21	432	3	164	3	306	3
1294	3836	1456	1458	103	925	6	308	6	569	6
1295	3837	1438	1459	67	867	5	324	5	510	5
1296	3838	1460	1437	38	524	4	182	4	408	4
1297	3839	1461	336	39	205	3	76	3	306	3
1298	3840	1462	1451	22	153	1	51	1	102	1
1299	3841	584	1463	27	162	1	42	1	102	1
1300	3842	1463	1464	63	160	2	53	2	204	2
1301	3843	1464	1465	106	733	5	254	5	510	5
1302	3844	1466	1463	41	497	4	193	4	408	4
1303	3845	1467	1468	54	371	3	115	3	306	3
1304	3846	1444	1467	78	288	3	113	3	306	3
1305	3847	1467	1469	63	865	6	240	6	612	6
1306	3848	1470	1353	24	136	2	51	2	204	2
1307	3849	1443	1471	33	389	3	138	3	306	3
1308	3850	1472	1473	47	240	2	83	2	204	2
1309	3851	623	1474	468	376	1	134	1	0	0
1310	3852	1474	1475	613	0	0	0	0	0	0
1311	3853	1475	1476	194	221	2	61	2	204	2
1312	3854	1474	1477	609	313	1	95	1	59	1
1313	3855	1478	1476	676	73	1	21	1	102	1
1314	3856	1479	1475	130	146	1	42	1	102	1
1315	3857	589	1480	64	149	2	38	2	102	1
1316	3858	1481	1482	80	0	0	0	0	0	0
1317	3859	586	1483	54	0	0	0	0	0	0
1318	3860	691	1484	47	160	1	44	1	102	1
1319	3861	1484	1485	57	301	3	116	3	306	3
1320	3862	1484	1486	37	1127	4	420	4	357	2
1321	3863	50	1487	103	801	7	296	7	612	6
1322	3864	1488	1489	39	161	1	43	1	102	1
1323	3865	1489	1490	92	1062	9	366	9	790	9
1324	3866	222	1491	36	493	3	153	3	306	3
1325	3867	1492	266	23	162	1	42	1	102	1
1326	3868	266	222	26	0	0	0	0	0	0
1327	3872	259	310	30	164	1	40	1	102	1
1328	3873	720	140	1432	0	0	0	0	0	0
1329	3874	628	618	39	0	0	0	0	0	0
1330	3875	1494	93	101	0	0	0	0	0	0
1331	3876	1495	10	1073	465	4	156	4	357	2
1332	3877	280	11	967	266	3	109	3	306	3
1333	3878	253	1496	87	0	0	0	0	0	0
1334	3879	11	256	102	859	6	230	6	408	4
1335	3880	258	1497	36	137	1	51	1	102	1
1336	3881	1497	1498	117	76	1	18	1	59	1
1337	3882	342	1374	72	0	0	0	0	0	0
1338	3883	1374	1481	11	0	0	0	0	0	0
1339	3884	1481	586	57	504	4	142	4	408	4
1340	3885	588	589	20	76	1	18	1	102	1
1341	3886	1499	1391	79	579	4	161	4	365	4
1342	3887	1373	1482	34	242	3	90	3	263	3
1343	3888	1483	1500	92	655	6	247	6	612	6
1344	3889	1500	1480	35	77	1	17	1	102	1
1345	3890	1480	1370	45	0	0	0	0	0	0
1346	3891	1370	591	46	0	0	0	0	0	0
1347	3892	591	1476	10	0	0	0	0	0	0
1348	3893	1498	1501	273	76	1	18	1	0	0
1349	3895	1502	598	311	152	1	52	1	102	1
1350	3896	598	627	159	0	0	0	0	0	0
1351	3898	1503	1504	64	0	0	0	0	102	1
1352	3899	1504	596	288	73	1	21	1	102	1
1353	3900	1379	627	85	0	0	0	0	0	0
1354	3901	596	363	184	0	0	0	0	0	0
1355	3902	1392	719	167	159	1	45	1	102	1
1356	3903	1504	361	266	0	0	0	0	0	0
1357	3904	1505	678	377	137	1	51	1	0	0
1358	3905	678	1506	185	90	1	29	1	59	1
1359	3906	1506	1507	506	0	0	0	0	0	0
1360	3907	1506	670	431	148	1	56	1	102	1
1361	3910	1508	1509	43	163	1	41	1	102	1
1362	3911	967	1510	615	0	0	0	0	0	0
1363	3912	1510	1509	43	0	0	0	0	0	0
1364	3913	1509	1503	167	95	1	24	1	102	1
1365	3914	1509	361	378	530	3	201	3	306	3
1366	3915	1508	1510	38	0	0	0	0	0	0
1367	3916	252	1511	97	478	2	134	2	204	2
1368	3917	1512	254	122	93	1	26	1	102	1
1369	3918	252	1513	60	224	2	74	2	204	2
1370	3919	250	814	186	70	1	24	1	59	1
1371	3930	1514	1407	47	0	0	0	0	0	0
1372	3933	645	1404	538	304	3	87	3	204	2
1373	3934	1515	1516	18	141	1	47	1	102	1
1374	3935	1517	650	79	315	1	93	1	102	1
1375	3936	652	1518	20	0	0	0	0	0	0
1376	3937	652	1515	163	1031	8	346	8	773	8
1377	3938	1515	1519	18	0	0	0	0	0	0
1378	3939	664	1520	128	0	0	0	0	0	0
1379	3940	1520	1521	301	77	1	17	1	102	1
1380	3942	1522	1514	883	154	1	50	1	102	1
1381	3943	1523	1522	381	239	2	84	2	204	2
1382	3944	1522	1409	771	76	1	18	1	0	0
1383	3945	1409	1524	795	1194	5	421	5	918	6
1384	3946	1524	1525	653	0	0	0	0	0	0
1385	3947	1526	1527	39	74	1	20	1	102	1
1386	3948	1527	1528	538	651	3	259	3	306	3
1387	3949	1417	271	53	443	3	169	3	306	3
1388	3950	612	1529	39	71	1	23	1	102	1
1389	3952	618	139	82	0	0	0	0	0	0
1390	3953	662	1530	17	151	1	53	1	102	1
1391	3954	139	153	174	2499	4	765	4	102	1
1392	3956	1431	1432	816	0	0	0	0	0	0
1393	3957	1531	1532	71	468	2	144	2	204	2
1394	3958	1533	344	44	153	1	51	1	59	1
1395	3960	88	1534	72	0	0	0	0	0	0
1396	3961	1535	229	73	224	2	58	2	161	2
1397	3963	1333	1332	1334	1376	7	528	7	714	7
1398	3964	595	1497	50	77	1	17	1	59	1
1399	3966	1536	633	456	453	5	135	5	467	5
1400	3967	1537	1441	70	759	5	210	5	510	5
1401	3968	1538	1454	96	0	0	0	0	0	0
1402	3969	1454	1347	84	0	0	0	0	0	0
1403	3970	1359	1454	111	518	3	172	3	306	3
1404	3971	1539	1540	23	237	2	61	2	204	2
1405	3972	691	1540	44	666	4	244	4	408	4
1406	3973	1540	1541	166	601	6	216	6	612	6
1407	3974	633	635	831	490	3	140	3	306	3
1408	3976	1542	1543	37	277	2	80	2	161	2
1409	3977	1544	1542	71	556	4	209	4	263	3
1410	3978	1545	1546	51	408	3	119	3	263	3
1411	3979	1547	1548	63	298	2	94	2	204	2
1412	3980	1465	1549	37	136	2	51	2	161	2
1413	3981	693	1533	31	489	2	140	2	255	1
1414	3982	1550	1462	10	70	1	24	1	102	1
1415	3983	1442	1538	92	1804	8	517	8	671	7
1416	3984	83	1436	34	208	3	73	3	0	0
1417	3985	582	1549	66	0	0	0	0	0	0
1418	3986	1427	1547	110	457	3	155	3	263	3
1419	3987	1547	621	165	302	2	90	2	204	2
1420	3988	593	1499	30	0	0	0	0	0	0
1421	3989	1551	592	132	0	0	0	0	0	0
1422	3990	138	1424	640	0	0	0	0	0	0
1423	3991	1552	1553	89	0	0	0	0	0	0
1424	3994	625	1554	669	0	0	0	0	0	0
1425	3998	1554	1331	381	416	4	120	4	204	2
1426	4002	1555	1557	556	0	0	0	0	0	0
1427	4004	603	1558	119	0	0	0	0	0	0
1428	4006	1546	1559	12	318	2	90	2	204	2
1429	4008	603	1560	944	0	0	0	0	0	0
1430	4009	1561	581	181	73	1	21	1	0	0
1431	4010	1562	1563	36	1194	3	328	3	204	2
1432	4011	1564	1565	30	148	1	40	1	510	2
1433	4012	1566	1567	136	0	0	0	0	0	0
1434	4013	1568	1569	48	160	1	44	1	102	1
1435	4015	268	1570	125	1271	5	429	5	1020	4
1436	4016	1347	1571	83	0	0	0	0	0	0
1437	4017	590	1572	69	73	1	21	1	102	1
1438	4018	1573	1521	111	72	1	22	1	102	1
1439	4019	1553	1574	51	322	3	120	3	263	3
1440	4020	1574	1575	50	148	1	56	1	102	1
1441	4021	600	1576	74	766	1	254	1	510	2
1442	4022	1135	1577	89	972	6	371	6	612	6
1443	4023	1560	260	358	0	0	0	0	0	0
1444	4024	1560	1578	693	0	0	0	0	0	0
1445	4026	1579	1562	34	149	1	55	1	102	1
1446	4027	1562	1580	17	149	1	55	1	59	1
1447	4028	1581	1582	42	75	1	19	1	102	1
1448	4029	1582	1579	34	0	0	0	0	0	0
1449	4030	664	1583	39	0	0	0	0	0	0
1450	4031	1583	638	132	315	2	93	2	204	2
1451	4032	715	1584	94	155	2	58	2	204	2
1452	4033	1584	633	398	487	4	159	4	365	4
1453	4034	1524	1585	53	169	2	44	2	204	2
1454	4035	1430	1586	53	0	0	0	0	0	0
1455	4036	1586	1587	18	91	1	28	1	59	1
1456	4037	1586	1588	18	94	1	25	1	102	1
1457	4038	87	1427	107	163	1	41	1	102	1
1458	4039	87	1589	53	154	1	50	1	102	1
1459	4040	1590	1434	46	309	1	99	1	0	0
1460	4043	1452	1571	3	0	0	0	0	0	0
1461	4044	1591	1567	7	0	0	0	0	0	0
1462	4045	1567	1592	17	0	0	0	0	0	0
1463	4046	1591	1566	14	0	0	0	0	0	0
1464	4047	1566	43	16	142	2	45	2	255	1
1465	4048	45	1442	43	0	0	0	0	0	0
1466	4049	45	1564	16	0	0	0	0	0	0
1467	4050	1533	1531	19	0	0	0	0	0	0
1468	4051	1593	1487	42	443	2	153	2	102	1
1469	4052	1594	51	30	0	0	0	0	0	0
1470	4053	1568	1349	51	0	0	0	0	0	0
1471	4054	1568	81	60	0	0	0	0	0	0
1472	4055	1542	1553	95	300	2	108	2	204	2
1473	4056	1595	581	349	730	1	290	1	0	0
1474	4058	632	1450	453	154	1	50	1	102	1
1475	4059	1596	229	54	312	2	96	2	204	2
1476	4060	1597	1561	131	234	2	89	2	204	2
1477	4061	1558	261	27	0	0	0	0	0	0
1478	4062	1598	261	131	0	0	0	0	0	0
1479	4064	253	1599	20	0	0	0	0	0	0
1480	4065	1599	1600	395	323	1	85	1	102	1
1481	4066	1580	1601	34	0	0	0	0	0	0
1482	4067	1601	23	140	90	1	29	1	59	1
1483	4068	1602	1603	49	478	4	178	4	306	3
1484	4069	1603	1604	13	90	1	29	1	102	1
1485	4070	1521	648	184	0	0	0	0	0	0
1486	4071	648	349	63	0	0	0	0	0	0
1487	4072	601	146	163	73	1	21	1	59	1
1488	4073	1605	1606	78	76	1	18	1	102	1
1489	4074	1606	1607	4	0	0	0	0	0	0
1490	4075	1608	1609	85	598	6	210	6	612	6
1491	4077	1486	1610	29	587	8	187	8	544	7
1492	4078	1493	1611	27	0	0	0	0	0	0
1493	4079	1612	1597	286	1794	17	578	17	1691	17
1494	4080	1613	1614	165	391	3	111	3	306	3
1495	4081	1574	1615	74	1323	7	497	7	714	7
1496	4082	1616	233	105	975	5	343	5	722	6
1497	4091	1611	1617	94	842	6	222	6	408	4
1498	4094	1618	1619	44	2346	3	714	3	204	2
1499	4095	1349	1360	166	1944	18	633	18	1649	17
1500	4096	1538	48	110	2170	14	576	14	918	9
1501	4097	1620	1621	154	2243	15	826	15	1122	11
1502	4098	1622	1621	238	236	2	87	2	102	1
1503	4099	1623	1624	54	0	0	0	0	0	0
1504	4100	1435	1622	28	0	0	0	0	0	0
1505	4101	1435	1625	22	0	0	0	0	0	0
1506	4103	1622	1624	27	0	0	0	0	0	0
1507	4104	1624	1625	24	0	0	0	0	0	0
1508	4105	1275	1626	29	280	3	95	3	0	0
1509	4106	1626	1627	30	408	4	154	4	510	2
1510	4107	1628	1629	88	785	5	228	5	467	5
1511	4108	1629	1630	61	789	6	309	6	569	6
1512	4109	1058	1631	33	138	1	50	1	510	2
1513	4110	1631	1156	30	0	0	0	0	0	0
1514	4114	1632	1633	115	682	5	236	5	467	5
1515	4115	1351	1634	80	229	2	69	2	204	2
1516	4116	1634	1472	104	453	4	142	4	323	4
1517	4119	1592	1635	42	72	1	22	1	102	1
1518	4170	29	1402	258	73	1	21	1	102	1
1519	4183	1137	1636	43	369	3	142	3	306	3
1520	4185	1246	752	11	0	0	0	0	0	0
1521	4186	752	758	15	0	0	0	0	0	0
1522	4187	758	680	9	0	0	0	0	0	0
1523	4188	680	1246	17	0	0	0	0	0	0
1524	4203	1637	1638	535	295	2	113	2	59	1
1525	4204	1638	1494	148	464	2	148	2	314	2
1526	4210	1639	1640	84	0	0	0	0	0	0
1527	4211	1639	666	448	2381	8	943	8	824	7
1528	4212	1025	1641	88	1515	2	525	2	0	0
1529	4213	1641	1642	87	410	2	117	2	204	2
1530	4214	1643	1644	116	809	11	315	11	510	2
1531	4215	1645	1646	47	156	2	57	2	204	2
1532	4216	943	1647	41	381	3	121	3	263	3
1533	4217	1647	957	7	0	0	0	0	0	0
1534	4218	947	1645	37	0	0	0	0	0	0
1535	4219	917	1648	36	142	2	45	2	161	2
1536	4221	1646	1649	16	75	1	19	1	102	1
1537	4222	1649	916	17	0	0	0	0	0	0
1538	4223	369	12	32	0	0	0	0	0	0
1539	4225	1339	108	77	0	0	0	0	0	0
1540	4226	1650	1651	138	441	4	138	4	306	3
1541	4227	1344	1650	57	0	0	0	0	0	0
1542	4230	369	1652	169	0	0	0	0	0	0
1543	4231	1645	1653	111	0	0	0	0	0	0
1544	4232	1653	1648	39	0	0	0	0	0	0
1545	4233	1652	1654	26	0	0	0	0	0	0
1546	4243	1636	1655	21	73	1	21	1	102	1
1547	4244	1655	1652	43	0	0	0	0	0	0
1548	4246	1655	1654	46	155	1	49	1	102	1
1549	4247	1249	1656	27	0	0	0	0	0	0
1550	4248	1647	1653	73	0	0	0	0	0	0
1551	4251	1640	1657	192	0	0	0	0	0	0
1552	4252	1658	1126	88	0	0	0	0	0	0
1553	4253	1214	1659	5	0	0	0	0	0	0
1554	4254	1659	1660	17	150	2	38	2	408	4
1555	4255	1143	1661	81	784	5	245	5	365	4
1556	4256	1661	570	96	630	7	186	7	629	7
1557	4259	85	1662	91	309	2	83	2	161	2
1558	4260	1662	1663	85	71	1	23	1	102	1
1559	4294	985	829	66	0	0	0	0	0	0
1560	4301	1488	1664	47	236	2	62	2	204	2
1561	4302	1664	1594	110	1619	10	583	10	977	10
1562	4315	1665	1225	87	156	1	48	1	102	1
1563	4316	1665	1666	180	349	3	93	3	221	3
1564	4317	488	1665	881	0	0	0	0	0	0
1565	4393	888	1667	65	0	0	0	0	0	0
1566	4394	1668	260	886	0	0	0	0	0	0
1567	4397	426	1669	91	71	1	23	1	102	1
1568	4406	1670	1671	395	0	0	0	0	0	0
1569	4407	1672	1671	210	74	1	20	1	102	1
1570	4408	1424	619	341	461	2	151	2	102	1
1571	4409	427	402	57	0	0	0	0	0	0
1572	4410	1673	1674	68	291	1	117	1	102	1
1573	4423	1675	1674	90	0	0	0	0	0	0
1574	4424	1674	1676	17	0	0	0	0	0	0
1575	4425	1676	1677	25	0	0	0	0	0	0
1576	4426	1676	1673	23	0	0	0	0	0	0
1577	4427	1673	1678	21	0	0	0	0	0	0
1578	4432	397	1679	65	74	1	20	1	102	1
1579	4450	898	1667	25	148	1	56	1	102	1
1580	4451	1667	800	51	0	0	0	0	0	0
1581	4452	1675	1247	201	860	9	313	9	731	8
1582	4453	1678	1675	85	145	2	42	2	102	1
1583	4454	358	1677	73	215	2	83	2	161	2
1584	4455	1677	1678	30	0	0	0	0	0	0
1585	4456	1680	1428	228	0	0	0	0	0	0
1586	4457	1428	619	247	0	0	0	0	0	0
1587	4480	1664	1681	91	1959	4	608	4	671	4
1588	4496	1682	1683	98	1482	2	558	2	765	3
1589	4507	1362	1682	55	0	0	0	0	0	0
1590	4512	142	1684	126	76	1	18	1	102	1
1591	4681	1685	1556	646	0	0	0	0	0	0
1592	4682	1685	1421	888	0	0	0	0	0	0
1593	4691	235	544	108	154	1	50	1	59	1
1594	4692	235	1686	273	0	0	0	0	0	0
1595	4693	1687	1688	224	0	0	0	0	0	0
1596	4694	1688	1689	776	1091	3	431	3	612	3
1597	4695	1690	1688	180	0	0	0	0	0	0
1598	4696	1689	234	1049	0	0	0	0	0	0
1599	4698	1422	1236	715	0	0	0	0	0	0
1600	4700	1691	1368	796	0	0	0	0	0	0
1601	4906	1691	1367	316	0	0	0	0	0	0
1602	4910	543	1381	1501	0	0	0	0	0	0
1603	4911	543	479	1203	0	0	0	0	0	0
1604	4912	1692	472	264	71	1	23	1	102	1
1605	4913	1692	1369	53	0	0	0	0	0	0
1606	4914	1693	1369	242	409	3	118	3	204	2
1607	4915	1693	1690	360	625	3	183	3	306	3
1608	4916	546	1694	380	315	2	93	2	204	2
1609	4917	1694	1695	345	159	1	45	1	59	1
1610	4918	736	1696	33	0	0	0	0	0	0
1611	4919	1697	1195	98	278	3	97	3	306	3
1612	4920	1698	1195	9	0	0	0	0	0	0
1613	4921	1195	1241	87	96	1	23	1	102	1
1614	4922	683	1697	23	302	1	106	1	102	1
1615	4923	1699	1698	54	91	1	28	1	59	1
1616	4924	1698	1197	161	157	1	47	1	102	1
1617	6454	1700	1701	103	1059	7	379	7	0	0
1618	6455	1701	1253	140	875	7	273	7	0	0
1619	6456	1702	1700	132	716	8	247	8	0	0
1620	6457	1398	1701	123	901	8	299	8	0	0
1621	6458	1396	1703	109	0	0	0	0	0	0
1622	6459	1703	1702	6	0	0	0	0	0	0
1623	6460	1702	1704	62	0	0	0	0	0	0
1624	6461	1704	1398	14	0	0	0	0	0	0
1625	6462	1399	1703	75	148	1	40	1	0	0
1626	6463	1704	1254	302	2998	19	793	19	0	0
1627	6464	1705	1022	38	685	6	217	6	569	6
1628	6465	1022	1706	36	504	5	169	5	408	4
1629	6468	1707	1708	59	752	6	226	6	569	6
1630	6469	1709	1710	36	457	4	138	4	365	4
1631	6470	1711	4	243	2179	19	661	19	1895	19
1632	6471	97	542	64	0	0	0	0	0	0
1633	6472	542	1712	105	710	7	286	7	586	7
1634	6473	1713	1714	44	266	2	91	2	161	2
1635	6474	1657	1713	58	312	2	96	2	204	2
1636	6475	1713	1715	80	531	3	175	3	306	3
1637	6476	1716	1717	130	1011	8	359	8	773	8
1638	6477	1718	1719	150	1660	12	465	12	994	11
1639	6478	1720	1721	129	952	9	332	9	875	9
1640	6479	1026	1722	85	416	3	120	3	306	3
1641	6480	1722	1015	12	0	0	0	0	0	0
1642	6481	1723	1724	101	880	8	276	8	731	8
1643	6482	1715	1725	16	0	0	0	0	0	0
1644	6483	1725	1726	25	514	4	201	4	365	4
1645	6485	436	1389	85	300	2	76	2	0	0
1646	6486	1389	460	77	212	2	70	2	0	0
1647	6487	445	443	107	0	0	0	0	0	0
1648	6488	443	1727	448	0	0	0	0	0	0
1649	6490	451	1728	371	155	1	49	1	102	1
1650	6492	494	1729	101	154	1	50	1	102	1
1651	6494	1104	1730	11	166	2	47	2	0	0
1652	6495	1105	1731	91	690	5	220	5	425	5
1653	6496	496	1102	115	394	2	108	2	204	2
1654	6497	1732	1731	246	151	1	53	1	102	1
1655	6506	425	1733	906	73	1	21	1	0	0
1656	6507	1733	1734	114	164	1	40	1	102	1
1657	6508	1734	1735	447	156	1	48	1	59	1
1658	6509	1394	1736	24	439	3	123	3	0	0
1659	6512	1259	1737	331	484	4	179	4	365	4
1660	6513	1394	1258	130	0	0	0	0	0	0
1661	6514	1258	1737	358	138	1	50	1	0	0
1662	6515	1737	434	94	76	1	18	1	102	1
1663	6538	1738	1739	21	267	2	90	2	0	0
1664	6539	1740	1250	47	379	2	123	2	0	0
1665	6540	1741	1742	28	220	2	62	2	0	0
1666	6541	1743	1744	33	76	1	18	1	0	0
1667	6542	1399	1745	40	512	3	194	3	0	0
1668	6543	1139	1255	421	294	3	107	3	0	0
1669	6544	1255	1746	31	0	0	0	0	0	0
1670	6545	1747	1740	43	212	2	70	2	0	0
1671	6546	1740	1257	36	184	1	54	1	0	0
1672	6547	530	1748	31	137	1	51	1	0	0
1673	6548	1748	1749	16	0	0	0	0	0	0
1674	6549	1749	1750	14	0	0	0	0	0	0
1675	6550	1750	1751	839	0	0	0	0	0	0
1676	6551	1752	1748	63	780	8	250	8	0	0
1677	6552	1743	1753	50	0	0	0	0	0	0
1678	6553	1743	1750	101	0	0	0	0	0	0
1679	6554	1754	1747	24	0	0	0	0	0	0
1680	6555	1754	1755	19	146	1	42	1	0	0
1681	6556	1755	1145	59	705	5	231	5	0	0
1682	6557	1395	1700	161	1050	8	320	8	0	0
1683	6558	769	768	25	0	0	0	0	0	0
1684	6559	765	486	137	77	1	17	1	102	1
1685	6560	876	787	856	160	2	53	2	204	2
1686	6561	877	132	142	0	0	0	0	0	0
1687	6562	907	374	262	1681	13	462	13	1096	12
1688	6563	897	887	37	412	2	116	2	102	1
1689	6564	1009	667	193	2136	8	678	8	765	6
1690	6565	1111	855	31	154	1	50	1	102	1
1691	6566	1108	1193	80	153	2	60	2	204	2
1692	6597	1402	1756	111	0	0	0	0	0	0
1693	6598	1756	1149	54	0	0	0	0	0	0
1694	6600	819	561	13	0	0	0	0	0	0
1695	6602	801	1496	237	74	1	20	1	102	1
1696	6603	1722	723	45	0	0	0	0	0	0
1697	6604	723	1757	73	442	3	170	3	263	3
1698	6607	721	813	27	76	1	18	1	59	1
1699	6608	811	303	75	70	1	24	1	102	1
1700	6612	1004	1758	61	699	6	203	6	612	6
1701	6613	4	97	67	1589	4	638	4	884	5
1702	6614	1010	826	83	0	0	0	0	0	0
1703	6615	826	824	7	0	0	0	0	0	0
1704	6616	824	827	64	157	1	47	1	102	1
1705	6617	827	983	6	0	0	0	0	0	0
1706	6618	983	985	69	161	1	43	1	102	1
1707	6619	69	1759	106	856	10	292	10	977	10
1708	6620	1721	1719	14	0	0	0	0	0	0
1709	6621	1719	1716	74	352	2	90	2	204	2
1710	6622	1716	1657	19	0	0	0	0	0	0
1711	6624	1710	1723	60	0	0	0	0	0	0
1712	6625	1723	1707	8	0	0	0	0	0	0
1713	6626	1707	1760	50	0	0	0	0	0	0
1714	6627	1760	839	16	0	0	0	0	0	0
1715	6628	839	989	59	0	0	0	0	0	0
1716	6629	989	243	40	0	0	0	0	0	0
1717	6631	9	506	522	235	2	88	2	161	2
1718	6632	508	1401	96	0	0	0	0	0	0
1719	6633	1401	770	92	364	2	138	2	102	1
1720	6634	508	1400	73	152	1	52	1	102	1
1721	6635	1761	1756	52	75	1	19	1	0	0
1722	6636	8	506	546	0	0	0	0	0	0
1723	6638	971	673	495	448	5	130	5	510	5
1724	6639	802	814	30	0	0	0	0	0	0
1725	6640	814	970	1121	0	0	0	0	0	0
1726	6641	1762	1763	70	157	1	47	1	102	1
1727	6645	1696	1235	23	0	0	0	0	0	0
1728	6646	1235	1278	478	73	1	21	1	0	0
1729	6647	1696	1234	25	0	0	0	0	0	0
1730	6648	953	14	18	0	0	0	0	0	0
1731	6649	238	1764	606	0	0	0	0	0	0
1732	6650	525	1367	757	0	0	0	0	0	0
1733	6715	500	1765	696	73	1	21	1	59	1
1734	6716	1765	409	647	142	1	46	1	102	1
1735	6717	416	1141	1109	253	1	87	1	102	1
1736	6718	549	1766	184	72	1	22	1	102	1
1737	6719	1766	1767	143	160	1	44	1	102	1
1738	6720	1768	687	339	0	0	0	0	0	0
1739	6722	1751	687	132	0	0	0	0	0	0
1740	6723	1735	1751	694	388	3	139	3	306	3
1741	6737	1769	1770	15	296	2	112	2	204	2
1742	6738	1771	1219	31	297	1	111	1	102	1
1743	6739	853	1772	229	983	7	394	7	714	7
1744	6740	1772	1773	33	0	0	0	0	0	0
1745	6741	1108	1774	105	852	6	270	6	484	6
1746	6742	1774	1109	76	0	0	0	0	0	0
1747	6745	1775	1005	77	320	1	88	1	102	1
1748	6774	1136	1131	10	0	0	0	0	0	0
1749	6775	1219	1776	63	289	3	86	3	263	3
1750	6776	553	1130	187	1236	11	464	11	875	9
1751	6777	1773	1777	43	375	2	127	2	204	2
1752	6778	829	832	65	0	0	0	0	0	0
1753	6779	829	1778	33	546	3	185	3	263	3
1754	6780	1008	1779	89	1011	8	384	8	612	6
1755	6781	1779	1267	36	420	3	116	3	306	3
1756	6782	1780	818	148	937	7	279	7	671	7
1757	6783	1780	1781	18	0	0	0	0	0	0
1758	6784	511	981	12	0	0	0	0	0	0
1759	6785	511	187	95	142	2	45	2	161	2
1760	6786	1034	1035	102	0	0	0	0	0	0
1761	6787	1266	1418	574	164	1	40	1	0	0
1762	6789	812	1782	370	1653	16	592	16	1589	16
1763	6790	1782	721	48	70	1	24	1	102	1
1764	6791	1063	1419	38	0	0	0	0	0	0
1765	6792	1419	1064	32	147	1	57	1	102	1
1766	6794	1048	1069	2010	89	1	30	1	102	1
1767	6795	736	1783	297	163	1	41	1	102	1
1768	6796	130	873	73	441	4	154	4	323	4
1769	6797	926	247	100	157	1	47	1	0	0
1770	6798	1753	1784	12	219	2	63	2	0	0
1771	6799	782	1365	225	190	2	48	2	119	2
1772	6802	1761	1785	70	75	1	19	1	102	1
1773	6803	1758	1786	61	401	1	109	1	255	1
1774	6805	1787	1788	47	294	2	80	2	0	0
1775	6807	1789	1790	34	150	1	54	1	102	1
1776	6808	1082	1791	71	155	1	49	1	0	0
1777	6810	408	1792	99	0	0	0	0	0	0
1778	6811	1792	453	76	0	0	0	0	0	0
1779	6812	1792	1793	188	73	1	21	1	102	1
1780	6813	282	1277	341	0	0	0	0	0	0
1781	6815	890	1794	63	464	3	131	3	306	3
1782	6816	1794	799	60	298	2	110	2	204	2
1783	6817	1758	1016	51	225	2	57	2	161	2
1784	6818	1019	1795	42	90	1	29	1	102	1
1785	6819	1795	980	281	424	3	172	3	306	3
1786	6820	553	106	6	0	0	0	0	0	0
1787	6821	106	1124	105	328	3	89	3	263	3
1788	6822	1771	1787	65	365	3	128	3	102	1
1789	6823	1787	552	46	234	2	64	2	204	2
1790	6824	895	1796	17	0	0	0	0	0	0
1791	6825	1082	1119	84	142	1	46	1	255	1
1792	6829	1087	857	58	0	0	0	0	0	0
1793	6830	1167	572	37	356	5	112	5	297	5
1794	6831	726	1789	54	0	0	0	0	0	0
1795	6833	894	1797	16	449	2	147	2	204	2
1796	6834	1797	1771	49	445	3	167	3	306	3
1797	6835	1798	1799	46	294	2	114	2	204	2
1798	6836	1798	1800	31	145	1	43	1	102	1
1799	6837	795	1801	27	0	0	0	0	0	0
1800	6838	1801	1798	46	0	0	0	0	0	0
1801	6839	1801	1802	31	654	3	230	3	263	3
1802	6840	547	1803	48	223	2	59	2	204	2
1803	6841	1803	1804	584	75	1	19	1	59	1
1804	6844	794	1763	262	0	0	0	0	0	0
1805	6846	1738	1805	37	150	1	38	1	0	0
1806	6847	1805	1754	57	783	5	238	5	0	0
1807	6848	1749	1806	253	3255	26	954	26	102	1
1808	6849	1806	1741	26	312	2	114	2	0	0
1809	6850	531	539	253	1921	13	529	13	0	0
1810	6851	1746	1807	74	217	2	65	2	0	0
1811	6852	1781	1808	19	73	1	21	1	0	0
1812	6853	1135	1809	66	935	6	307	6	569	6
1813	6858	1810	1811	694	70	1	24	1	0	0
1814	6861	1238	1812	244	295	2	113	2	102	1
1815	6862	1242	1240	68	729	2	291	2	510	2
1816	6863	338	728	77	325	3	100	3	204	2
1817	6864	1221	1813	54	725	2	295	2	510	2
1818	6866	103	1814	31	860	6	264	6	255	1
1819	6867	1249	1644	87	489	6	167	6	510	2
1820	6868	1644	1815	61	284	4	90	4	0	0
1821	6869	1002	1816	102	781	1	239	1	0	0
1822	6870	1002	1817	102	955	7	354	7	569	6
1823	6871	1817	1003	71	647	7	195	7	586	7
1824	6872	972	1818	7	0	0	0	0	0	0
1825	6873	1818	1013	209	1577	6	446	6	714	3
1826	6983	1273	973	82	0	0	0	0	0	0
1827	6985	1782	1819	50	388	3	114	3	263	3
1828	6987	1034	1154	305	0	0	0	0	0	0
1829	6988	1319	1165	22	0	0	0	0	0	0
1830	6989	1136	1820	70	382	3	120	3	306	3
1831	6996	1314	1190	34	0	0	0	0	0	0
1832	6997	1165	1821	13	0	0	0	0	0	0
1833	6998	1821	1190	43	486	7	194	7	416	7
1834	6999	1821	1319	14	153	1	51	1	59	1
1835	7000	1189	1822	37	443	4	136	4	365	4
1836	7001	1206	1188	22	0	0	0	0	0	0
1837	7029	1201	1106	45	367	3	119	3	221	3
1838	7030	991	1823	138	94	1	25	1	0	0
1839	7031	1823	1032	392	235	2	63	2	204	2
1840	7039	1069	1067	882	367	1	143	1	102	1
1841	7040	1773	1085	31	0	0	0	0	0	0
1842	7043	1689	1810	472	0	0	0	0	0	0
1843	7044	1087	1824	37	0	0	0	0	0	0
1844	7045	1824	1339	92	74	1	20	1	102	1
1845	7047	1699	1697	41	153	1	51	1	59	1
1846	7049	1764	1232	320	0	0	0	0	0	0
1847	7050	1764	1825	208	143	2	44	2	59	1
1848	7051	1283	1826	197	0	0	0	0	0	0
1849	7052	1826	792	555	486	6	186	6	510	5
1850	7053	1826	1827	448	161	1	43	1	102	1
1851	7055	960	731	100	0	0	0	0	0	0
1852	7056	1828	960	296	0	0	0	0	102	1
1853	7057	939	1829	220	0	0	0	0	0	0
1854	7058	1829	914	202	157	1	47	1	102	1
1855	7059	1830	1829	209	156	1	48	1	102	1
1856	7060	403	1831	302	76	1	18	1	102	1
1857	7061	1832	1831	167	156	1	48	1	59	1
1858	7063	1224	1833	67	73	1	21	1	59	1
1859	7064	1833	889	96	940	6	344	6	612	6
1860	7065	1834	1835	266	0	0	0	0	0	0
1861	7066	1834	891	181	382	3	120	3	306	3
1862	7067	125	1836	44	530	4	176	4	365	4
1863	7068	1836	796	57	0	0	0	0	0	0
1864	7069	1799	1837	4	0	0	0	0	0	0
1865	7070	1837	1838	27	140	1	48	1	102	1
1866	7071	860	861	19	0	0	0	0	0	0
1867	7073	942	1839	17	0	0	0	0	0	0
1868	7074	1839	923	124	989	7	313	7	714	7
1869	7075	955	1840	140	2231	23	753	23	1411	23
1870	7076	1840	148	67	539	8	209	8	561	8
1871	7077	149	953	29	388	2	139	2	459	3
1872	7081	941	1841	62	288	4	86	4	323	4
1873	7082	1841	548	94	300	3	117	3	306	3
1874	7083	1770	1842	82	873	9	241	9	204	2
1875	7084	1842	1843	17	70	1	24	1	255	1
1876	7085	1844	1845	58	953	6	383	6	612	6
1877	7086	1846	1847	90	471	3	175	3	263	3
1878	7087	1848	1847	77	401	4	109	4	306	3
1879	7088	1849	1850	60	496	4	159	4	365	4
1880	7089	1851	1850	115	743	5	209	5	425	5
1881	7090	1850	1852	67	891	6	360	6	612	6
1882	7091	1617	1848	8	153	1	51	1	102	1
1883	7092	1848	1851	88	161	1	43	1	102	1
1884	7093	1851	1445	19	0	0	0	0	0	0
1885	7094	1445	1853	21	147	1	41	1	102	1
1886	7095	1854	1617	130	873	7	249	7	671	7
1887	7096	1541	1855	76	303	3	88	3	306	3
1888	7098	1414	1856	48	219	2	79	2	161	2
1889	7099	1856	1857	85	416	3	111	3	306	3
1890	7100	1858	1859	67	521	5	152	5	0	0
1891	7104	1715	1860	13	363	2	139	2	204	2
1892	7105	70	1721	74	234	2	64	2	204	2
1893	7106	1710	1861	12	0	0	0	0	0	0
1894	7107	1861	1862	91	1126	8	430	8	816	8
1895	7110	1163	1020	76	374	4	120	4	408	4
1896	7111	989	1863	132	782	9	306	9	705	9
1897	7112	1863	1760	130	562	7	203	7	527	6
1898	7113	244	1265	9	0	0	0	0	0	0
1899	7114	1003	1864	72	563	4	168	4	306	3
1900	7115	1864	1000	8	0	0	0	0	0	0
1901	7116	1865	1866	60	0	0	0	0	0	0
1902	7117	1867	1868	251	156	1	48	1	59	1
1903	7118	1867	1783	13	0	0	0	0	0	0
1904	7119	1866	1867	214	286	3	105	3	204	2
1905	7120	1866	1869	177	88	1	31	1	102	1
1906	7121	1870	1871	68	491	3	130	3	306	3
1907	7122	1871	1413	92	745	7	276	7	586	7
1908	7123	1535	1872	86	413	4	107	4	306	3
1909	7124	1632	1873	67	669	4	241	4	408	4
1910	7125	1873	1874	51	236	2	62	2	204	2
1911	7126	1874	1605	52	292	2	100	2	204	2
1912	7127	1627	1875	13	359	5	109	5	0	0
1913	7128	1875	1058	29	280	4	94	4	0	0
1914	7129	806	1876	88	412	5	167	5	357	2
1915	7130	1272	1877	113	1106	7	356	7	119	2
1916	7131	1877	1878	14	165	1	39	1	0	0
1917	7138	878	1879	118	863	7	344	7	612	6
1918	7139	1879	1880	61	441	5	137	5	510	5
1919	7140	248	1881	43	206	2	76	2	204	2
1920	7141	1881	951	8	0	0	0	0	0	0
1921	7142	1882	1518	80	98	1	21	1	0	0
1922	7143	1530	1883	39	0	0	0	0	0	0
1923	7144	1883	1884	75	71	1	23	1	102	1
1924	7145	1884	1885	147	1357	8	394	8	816	8
1925	7146	1886	610	21	72	1	22	1	102	1
1926	7147	1887	1888	25	154	2	59	2	102	1
1927	7148	1889	1579	37	339	3	103	3	306	3
1928	7149	1890	1891	44	402	4	134	4	221	3
1929	7150	1892	1885	32	162	1	42	1	102	1
1930	7151	1581	1893	32	543	3	188	3	263	3
1931	7152	1894	1895	32	239	2	84	2	161	2
1932	7153	1580	1602	20	0	0	0	0	0	0
1933	7154	1519	1896	16	438	3	174	3	306	3
1934	7155	1897	1898	1283	828	8	261	8	714	7
1935	7244	576	574	78	834	12	288	12	654	11
1936	7245	1212	1214	28	178	1	60	1	59	1
1937	7246	1326	1899	30	280	3	95	3	161	2
1938	7247	1899	1324	53	691	5	244	5	467	5
1939	7248	465	1658	107	5921	10	2155	10	1275	5
1940	7256	1291	1288	365	152	1	52	1	102	1
1941	7257	1251	1900	5	235	2	72	2	0	0
1942	7258	1900	1901	40	412	3	150	3	0	0
1943	7259	1753	1902	43	342	3	126	3	0	0
1944	7263	566	1092	82	152	1	52	1	102	1
1945	7266	378	1294	668	446	4	149	4	306	3
1946	7269	74	709	47	73	1	21	1	102	1
1947	7270	379	537	45	77	1	17	1	102	1
1948	7271	1903	537	282	95	1	24	1	102	1
1949	7272	1904	1905	289	152	1	52	1	0	0
1950	7273	1904	1906	748	73	1	21	1	102	1
1951	7274	407	1907	250	0	0	0	0	0	0
1952	7275	1907	1727	157	77	1	17	1	102	1
1953	7276	1907	1908	268	144	1	44	1	0	0
1954	7277	1909	567	62	0	0	0	0	0	0
1955	7278	1813	1222	33	0	0	0	0	0	0
1956	7279	1260	1910	139	308	1	100	1	102	1
1957	7282	1668	1911	149	156	1	48	1	102	1
1958	7284	1598	601	345	322	2	86	2	204	2
1959	7285	1912	346	356	0	0	0	0	0	0
1960	7286	1913	1621	62	221	2	77	2	161	2
1961	7287	1914	579	421	0	0	0	0	0	0
1962	7292	1915	1623	129	300	3	76	3	612	2
1963	7293	1916	1855	93	808	5	306	5	510	5
1964	7294	1917	1558	236	0	0	0	0	0	0
1965	7295	1918	1919	287	0	0	0	0	0	0
1966	7296	1918	1920	78	0	0	0	0	0	0
1967	7297	1920	1921	234	140	1	48	1	0	0
1968	7298	1920	1595	150	0	0	0	0	0	0
1969	7299	1595	155	270	519	3	212	3	263	3
1970	7301	1922	1923	87	175	1	63	1	0	0
1971	7317	1924	1608	69	852	7	270	7	671	7
1972	7318	1925	1609	68	777	7	287	7	612	6
1973	7319	1926	1552	17	71	1	23	1	102	1
1974	7320	224	1488	18	77	1	17	1	59	1
1975	7321	228	1593	101	1673	10	462	10	977	10
1976	7322	1535	1927	35	74	1	20	1	59	1
1977	7323	1872	690	156	1117	8	338	8	773	8
1978	7324	1539	1873	157	756	5	264	5	510	5
1979	7325	1873	233	113	1176	7	439	7	671	7
1980	7326	42	1928	27	0	0	0	0	0	0
1981	7327	1348	1361	24	0	0	0	0	0	0
1982	7328	1532	1620	15	0	0	0	0	0	0
1983	7329	1620	344	61	0	0	0	0	0	0
1984	7330	1929	1930	121	979	10	254	10	790	9
1985	7331	50	1931	15	77	1	17	1	102	1
1986	7332	1931	1932	40	462	2	150	2	204	2
1987	7333	1932	1930	34	510	1	170	1	255	1
1988	7334	1933	1613	17	137	2	50	2	204	2
1989	7335	1487	1927	57	0	0	0	0	0	0
1990	7336	737	1934	37	0	0	0	0	0	0
1991	7337	1935	265	847	0	0	0	0	0	0
1992	7339	1936	1937	60	321	3	121	3	306	3
1993	7340	1865	1938	54	153	1	51	1	102	1
1994	7341	1938	1935	665	364	1	146	1	102	1
1995	7342	1935	1934	262	148	1	40	1	102	1
1996	7343	1934	1939	58	73	1	21	1	102	1
1997	7346	30	1936	27	0	0	0	0	0	0
1998	7347	1936	1940	225	1957	16	628	16	1589	16
1999	7348	1941	1938	139	0	0	0	0	0	0
2000	7349	1942	733	397	75	1	19	1	0	0
2001	7350	1943	734	327	71	1	23	1	0	0
2002	7351	1869	734	186	0	0	0	0	0	0
2003	7353	1944	1526	296	216	2	82	2	204	2
2004	7354	1945	322	24	0	0	0	0	0	0
2005	7355	1868	1946	261	0	0	0	0	0	0
2006	7356	1528	1946	925	0	0	0	0	0	0
2007	7358	1637	262	78	0	0	0	0	0	0
2008	7359	262	308	10	0	0	0	0	0	0
2009	7360	308	1945	146	0	0	0	0	0	0
2010	7361	1945	1526	67	95	1	24	1	102	1
2011	7364	1947	1413	305	0	0	0	0	0	0
2012	7365	1948	1949	6	155	2	58	2	119	2
2013	7366	1949	1950	27	567	6	215	6	297	5
2014	7367	1951	1490	44	579	5	153	5	382	5
2015	7368	1858	1952	67	70	1	24	1	0	0
2016	7369	1952	1953	57	264	3	93	3	306	3
2017	7370	1605	1954	96	813	7	224	7	671	7
2018	7371	1955	1870	55	91	1	28	1	102	1
2019	7372	272	1956	255	155	1	49	1	102	1
2020	7373	1956	1957	345	71	1	23	1	59	1
2021	7376	1672	1958	153	153	1	51	1	59	1
2022	7379	1959	341	394	673	7	228	7	425	5
2023	7380	341	1960	64	92	1	27	1	102	1
2024	7381	616	1961	43	75	1	19	1	102	1
2025	7382	1960	141	151	161	1	43	1	102	1
2026	7384	481	1962	460	213	2	85	2	204	2
2027	7386	663	17	214	1122	8	392	8	569	6
2028	7387	23	1334	29	820	2	319	2	0	0
2029	7388	1334	610	22	254	2	78	2	204	2
2030	7389	1963	1964	52	0	0	0	0	0	0
2031	7390	1965	1966	86	0	0	0	0	0	0
2032	7391	1882	1581	47	0	0	0	0	0	0
2033	7392	1891	1883	61	366	3	136	3	263	3
2034	7393	1888	1884	64	318	3	99	3	306	3
2035	7394	1895	660	53	302	2	90	2	204	2
2036	7395	1963	660	93	267	2	90	2	204	2
2037	7396	1964	1967	233	433	4	162	4	408	4
2038	7397	1964	1897	290	157	1	47	1	102	1
2039	7398	17	1968	87	0	0	0	0	0	0
2040	7399	1968	1965	32	0	0	0	0	0	0
2041	7400	1965	1882	150	0	0	0	0	0	0
2042	7401	1512	1969	65	478	2	134	2	204	2
2043	7402	1969	1511	80	0	0	0	0	0	0
2044	7403	254	1970	63	165	2	48	2	204	2
2045	7404	1970	252	81	0	0	0	0	0	0
2046	7405	1898	1525	808	150	1	54	1	102	1
2047	7406	1898	1971	200	0	0	0	0	0	0
2048	7407	1967	1523	154	0	0	0	0	0	0
2049	7408	1898	1972	596	157	1	47	1	102	1
2050	7410	1525	1973	799	154	2	59	2	204	2
2051	7411	1974	1975	208	0	0	0	0	0	0
2052	7412	1975	1976	151	296	1	112	1	59	1
2053	7414	608	1432	192	76	1	18	1	0	0
2054	7415	1976	1914	52	148	1	40	1	59	1
2055	7416	1362	1913	36	71	1	23	1	102	1
2056	7417	608	1977	81	1172	8	358	8	816	8
2057	7418	36	1362	108	1413	6	389	6	467	5
2058	7420	1978	1590	75	916	5	258	5	510	5
2059	7421	1434	1979	132	394	2	133	2	204	2
2060	7424	1331	350	45	0	0	0	0	0	0
2061	7425	350	269	184	289	3	102	3	306	3
2062	7426	1980	1330	1017	145	1	43	1	0	0
2063	7430	310	1335	1348	0	0	0	0	0	0
2064	7432	1500	1479	181	387	4	123	4	408	4
2065	7433	1376	1378	107	73	1	21	1	102	1
2066	7487	354	1981	132	701	5	218	5	306	3
2067	7488	1981	1813	27	0	0	0	0	0	0
2068	7490	1835	882	394	273	3	102	3	263	3
2069	7491	1752	1982	125	437	4	152	4	0	0
2070	7494	1983	1275	34	215	3	66	3	0	0
2071	7495	1289	1299	54	76	1	18	1	102	1
2072	7496	1747	1807	66	388	2	139	2	0	0
2073	7497	901	1984	38	310	2	98	2	204	2
2074	7499	1110	1909	83	2117	8	739	8	765	3
2075	7500	1406	245	79	71	1	23	1	102	1
2076	7501	245	1405	179	164	1	40	1	102	1
2077	7502	656	1985	124	0	0	0	0	0	0
2078	7503	1985	654	61	0	0	0	0	0	0
2079	7504	1986	1985	189	97	1	22	1	0	0
2080	7505	1517	1987	382	0	0	0	0	0	0
2081	7506	1987	1406	261	290	1	118	1	102	1
2082	7507	1987	1988	278	147	1	57	1	102	1
2083	7511	636	1989	242	147	1	57	1	102	1
2084	7512	1989	1957	371	253	2	70	2	204	2
2085	7513	1989	1990	268	161	1	43	1	0	0
2086	7514	1935	1991	444	77	1	17	1	102	1
2087	7515	1992	1993	462	138	2	49	2	204	2
2088	7516	1992	1994	94	75	1	19	1	102	1
2089	7517	1416	1995	571	317	2	91	2	102	1
2090	7518	1995	1992	176	0	0	0	0	0	0
2091	7520	1923	1912	32	142	1	46	1	0	0
2092	7521	1912	1623	84	0	0	0	0	0	0
2093	7522	91	1534	258	0	0	0	0	0	0
2094	7523	88	1614	445	0	0	0	0	0	0
2095	7524	1996	1597	32	471	2	141	2	204	2
2096	7525	1855	1997	5	0	0	0	0	0	0
2097	7526	1997	1998	122	241	2	82	2	204	2
2098	7527	1999	1625	46	0	0	0	0	0	0
2099	7528	1921	1557	319	245	2	87	2	204	2
2100	7532	1607	2000	31	308	4	92	4	323	4
2101	7533	1947	2001	381	0	0	0	0	0	0
2102	7535	1854	2002	26	140	2	47	2	161	2
2103	7536	2003	2004	99	1137	13	419	13	314	2
2104	7537	2005	1414	43	236	2	87	2	204	2
2105	7538	1871	2006	72	578	5	205	5	510	5
2106	7539	1599	2007	149	779	1	241	1	0	0
2107	7540	1600	1508	289	0	0	0	0	0	0
2108	7541	2008	1600	111	150	1	54	1	102	1
2109	7542	284	1512	63	0	0	0	0	0	0
2110	7543	1502	2009	185	0	0	0	0	0	0
2111	7544	2009	1551	721	715	4	220	4	365	4
2112	7545	2010	2009	273	88	1	31	1	102	1
2113	7547	1604	1602	36	0	0	0	0	0	0
2114	7548	1613	2011	150	1315	9	513	9	833	9
2115	7549	2011	1857	176	2413	13	630	13	1241	13
2116	7550	1857	1919	77	146	2	41	2	204	2
2117	7552	2012	1541	122	1007	9	312	9	875	9
2118	7554	1614	1612	55	0	0	0	0	0	0
2119	7555	2011	1612	128	1057	7	338	7	714	7
2120	7556	1919	1996	71	848	6	266	6	612	6
2121	7557	1918	2001	361	0	0	0	0	0	0
2122	7558	2001	1993	125	252	2	71	2	204	2
2123	7559	1955	2013	105	316	2	92	2	204	2
2124	7560	2011	1870	160	822	7	259	7	629	7
2125	7561	1870	2014	74	154	2	59	2	204	2
2126	7562	2014	2015	9	0	0	0	0	0	0
2127	7563	2015	1628	50	96	1	23	1	59	1
2128	7564	1628	2016	35	0	0	0	0	0	0
2129	7565	2016	1926	23	0	0	0	0	0	0
2130	7566	2017	2016	101	1000	9	327	9	875	9
2131	7567	2018	2015	102	991	8	284	8	816	8
2132	7568	2019	1608	44	156	1	48	1	102	1
2133	7569	1609	1605	87	473	4	182	4	323	4
2134	7570	1489	228	47	165	1	39	1	102	1
2135	7571	225	2020	72	316	2	92	2	204	2
2136	7572	2020	2003	45	217	3	64	3	714	4
2137	7573	2003	1846	43	230	2	68	2	204	2
2138	7574	1846	1858	36	156	1	48	1	102	1
2139	7575	1953	2021	65	152	1	52	1	102	1
2140	7576	2021	1844	79	70	1	24	1	102	1
2141	7578	2021	2022	72	696	6	231	6	467	5
2142	7580	79	2023	36	1805	9	703	9	510	2
2143	7581	1549	81	78	0	0	0	0	0	0
2144	7584	48	2024	117	0	0	0	0	0	0
2145	7585	2025	2026	78	827	10	346	10	637	10
2146	7586	2026	1441	67	333	4	92	4	238	4
2147	7587	2020	32	101	480	6	176	6	306	3
2148	7588	1348	2027	23	263	2	94	2	204	2
2149	7589	2027	1532	64	159	1	45	1	59	1
2150	7590	1531	2028	62	156	1	48	1	102	1
2151	7591	2028	2024	36	0	0	0	0	102	1
2152	7592	1926	2029	91	855	6	268	6	612	6
2153	7593	2029	2030	68	817	6	263	6	612	6
2154	7594	2014	2031	77	583	5	225	5	510	5
2155	7595	2031	2032	64	848	6	240	6	527	6
2156	7596	1415	2033	536	156	1	48	1	102	1
2157	7597	2033	1947	217	150	1	54	1	102	1
2158	7598	2034	230	31	3255	22	859	22	0	0
2159	7613	1954	1955	77	701	7	210	7	629	7
2160	7614	1941	1527	1027	390	4	120	4	408	4
2161	7619	1431	1680	230	0	0	0	0	0	0
2162	7621	658	1963	119	458	4	137	4	408	4
2163	7622	658	1530	166	712	6	275	6	425	5
2164	7623	1482	1483	67	588	3	212	3	306	3
2165	7624	1391	1373	111	551	5	189	5	323	4
2166	7625	1534	1917	886	456	2	156	2	102	1
2167	7627	1928	53	3	0	0	0	0	0	0
2168	7628	1928	48	74	615	5	184	5	510	5
2169	7629	1960	616	139	214	2	84	2	204	2
2170	7630	2035	663	45	0	0	0	0	0	0
2171	7631	2035	614	55	0	0	0	0	0	0
2172	7632	1962	2035	317	305	1	103	1	59	1
2173	7634	138	1980	584	788	6	225	6	569	6
2174	7637	1408	1407	187	158	1	46	1	102	1
2175	7639	1409	1971	489	145	1	43	1	102	1
2176	7640	2036	1557	460	162	1	42	1	255	1
2177	7641	1578	2036	270	74	1	20	1	59	1
2178	7642	1556	1578	558	0	0	0	0	0	0
2179	7643	1571	1364	79	155	1	49	1	59	1
2180	7645	2037	1670	209	70	1	24	1	102	1
2181	7646	1670	605	122	148	1	40	1	102	1
2182	7647	654	1520	696	703	4	232	4	408	4
2183	7648	1555	2036	245	236	2	62	2	119	2
2184	7649	2038	2039	146	96	1	23	1	59	1
2185	7650	2038	2040	82	726	4	209	4	408	4
2186	7651	2041	2042	37	1537	2	503	2	510	2
2187	7653	2043	1638	141	0	0	0	0	0	0
2188	7654	2043	2038	93	0	0	0	0	0	0
2189	7656	2044	1575	95	2469	15	880	15	1258	14
2190	7659	1939	2045	161	0	0	0	0	0	0
2191	7660	2045	1853	247	388	3	139	3	204	2
2192	7661	2045	2046	112	155	1	49	1	102	1
2193	7662	1546	2047	39	399	2	128	2	161	2
2194	7663	2047	1544	29	460	2	152	2	204	2
2195	7666	1946	2048	298	74	1	20	1	102	1
2196	7670	1511	2049	72	0	0	0	0	0	0
2197	7671	2049	1507	558	227	2	71	2	204	2
2198	7672	600	2050	18	0	0	0	0	0	0
2199	7673	2050	253	305	0	0	0	0	0	0
2200	7674	2050	2051	178	160	1	44	1	102	1
2201	7689	2052	2053	36	585	3	231	3	306	3
2202	7690	2053	1464	3	0	0	0	0	0	0
2203	7691	1663	268	108	158	1	46	1	102	1
2204	7692	1439	2054	72	453	4	168	4	365	4
2205	7693	2054	2055	11	74	1	20	1	102	1
2206	7694	77	2056	37	206	3	75	3	0	0
2207	7696	1453	2057	22	0	0	0	0	0	0
2208	7698	607	1356	56	457	3	139	3	204	2
2209	7722	1607	1948	61	618	6	215	6	399	6
2210	7723	50	692	8	0	0	0	0	0	0
2211	7724	1874	2058	102	445	3	151	3	408	4
2212	7725	1544	2059	43	311	2	97	2	204	2
2213	7726	2056	1591	40	149	2	38	2	0	0
2214	7727	227	224	41	148	1	56	1	102	1
2215	7776	2060	2061	110	2615	15	718	15	1275	5
2216	7777	1930	690	63	1270	6	329	6	612	6
2217	7779	2062	54	51	736	3	268	3	306	3
2218	7780	2043	2063	89	174	1	64	1	59	1
2219	7782	1539	2041	58	602	6	180	6	629	7
2220	7783	2041	1933	87	506	4	183	4	263	3
2221	7784	1872	2060	11	0	0	0	0	0	0
2222	7785	2060	1632	38	309	1	99	1	0	0
2223	7786	1662	2064	33	296	1	112	1	102	1
2224	7788	2064	54	122	821	4	233	4	365	4
2225	7899	1239	1423	755	71	1	23	1	59	1
2226	7900	1423	2065	59	0	0	0	0	0	0
2227	7901	1243	1697	99	0	0	0	0	0	0
2228	7902	1243	1240	50	97	1	22	1	102	1
2229	7903	1241	2066	124	981	9	354	9	773	8
2230	7904	751	1699	29	0	0	0	0	0	0
2231	7905	2065	2067	233	148	1	56	1	59	1
2232	7907	1199	1381	1231	0	0	0	0	0	0
2233	7913	763	2068	111	152	1	52	1	102	1
2234	8043	1731	2069	308	228	2	70	2	204	2
2235	8071	1066	104	196	215	3	66	3	306	3
2236	8072	104	1069	445	593	4	189	4	306	3
2237	8140	1041	1051	143	320	1	88	1	102	1
2238	8141	303	305	52	167	2	46	2	161	2
2239	8142	305	1780	81	311	2	97	2	119	2
2240	8169	1731	178	57	242	3	90	3	161	2
2241	8170	178	494	55	0	0	0	0	0	0
2242	8172	2070	1112	36	279	2	95	2	0	0
2243	8174	1052	114	590	70	1	24	1	0	0
2244	8175	114	273	272	378	1	132	1	102	1
2245	8176	330	290	338	76	1	18	1	59	1
2246	8178	290	1040	1086	607	4	192	4	408	4
2247	8179	1060	2071	43	0	0	0	0	0	0
2248	8180	2071	1050	175	164	1	40	1	102	1
2249	8182	1388	216	262	0	0	0	0	0	0
2250	8183	216	1904	28	0	0	0	0	0	0
2251	8188	1824	2072	211	748	7	298	7	399	6
2252	8189	1266	9	95	0	0	0	0	0	0
2253	8191	992	2073	74	348	4	137	4	263	3
2254	8192	2073	676	41	0	0	0	0	0	0
2255	8195	1016	2074	117	382	3	145	3	263	3
2256	8196	2074	513	82	0	0	0	0	0	0
2257	8197	75	2075	48	473	3	139	3	306	3
2258	8198	2075	1640	98	398	3	129	3	306	3
2259	8199	1639	2076	107	467	2	145	2	204	2
2260	8200	2076	2077	3	159	1	45	1	102	1
2261	8201	1028	2078	39	0	0	0	0	255	1
2262	8202	2078	1775	28	0	0	0	0	0	0
2263	8204	2072	2079	120	519	4	212	4	408	4
2264	8205	2079	2080	150	584	4	232	4	408	4
2265	8251	238	1686	418	465	2	139	2	306	3
2266	8254	1734	117	80	0	0	0	0	0	0
2267	8519	2081	192	391	72	1	22	1	102	1
2268	8521	1309	740	82	0	0	0	0	0	0
2269	8522	740	2082	530	155	1	49	1	102	1
2270	8523	191	1309	233	0	0	0	0	0	0
2271	8524	744	2083	414	70	1	24	1	102	1
2272	8525	1304	1385	47	0	0	0	0	0	0
2273	8527	2083	2082	23	0	0	0	0	0	0
2274	8528	908	2084	96	0	0	0	0	0	0
2275	8529	1302	1300	168	0	0	0	0	0	0
2276	8530	1300	2085	229	0	0	0	0	0	0
2277	8531	2085	2084	142	76	1	18	1	102	1
2278	8532	2086	2087	176	0	0	0	0	0	0
2279	8534	2088	1386	18	0	0	0	0	0	0
2280	8535	2086	2089	222	150	1	38	1	102	1
2281	8536	536	2088	233	457	4	138	4	263	3
2282	8537	1036	1387	534	75	1	19	1	102	1
2283	8538	1387	2088	121	0	0	0	0	0	0
2284	8713	2088	2090	1085	0	0	0	0	0	0
2285	8714	2091	2087	781	466	3	172	3	263	3
2286	8715	2087	536	66	0	0	0	0	0	0
2287	8716	2090	675	270	0	0	0	0	0	0
2288	8717	2091	675	47	71	1	23	1	0	0
2289	8718	62	2092	582	322	2	86	2	102	1
2290	8720	2090	2092	711	0	0	0	0	0	0
2291	8721	2092	913	217	305	1	103	1	102	1
2292	8722	912	2090	167	163	1	41	1	102	1
2293	8723	686	462	763	956	4	268	4	306	3
2294	8724	548	2093	20	97	1	22	1	102	1
2295	8725	2093	1769	30	152	1	52	1	102	1
2296	8726	798	2094	82	76	1	18	1	102	1
2297	8727	2095	922	30	318	4	107	4	408	4
2298	8728	1880	2096	16	71	1	23	1	102	1
2299	8729	796	2097	88	805	6	327	6	484	6
2300	8730	2097	2098	49	451	5	127	5	382	5
2301	8731	483	2099	170	1690	14	615	14	1343	14
2302	10678	926	2100	54	0	0	0	0	0	0
2303	10679	2100	121	47	293	1	115	1	102	1
2304	10719	2101	2102	131	1456	4	584	4	0	0
2305	10720	2103	2104	64	839	3	267	3	102	1
2306	10721	2105	1096	17	0	0	0	0	0	0
2307	10722	2105	2106	55	0	0	0	0	0	0
2308	10732	578	2107	40	0	0	0	0	0	0
2309	10744	2107	2108	43	155	1	49	1	102	1
2310	10745	2108	2109	158	189	2	49	2	161	2
2311	10747	1789	2105	32	0	0	0	0	0	0
2312	10788	896	2106	15	0	0	0	0	0	0
2313	10789	2106	726	11	0	0	0	0	0	0
2314	10790	2102	2110	86	158	1	46	1	59	1
2315	10791	1271	2103	39	0	0	0	0	0	0
2316	10792	2103	810	83	1285	8	466	8	204	2
2317	10793	1160	2104	9	0	0	0	0	0	0
2318	10794	2104	1271	20	74	1	20	1	0	0
2319	10795	676	2111	32	230	2	68	2	204	2
2320	10799	1680	1426	212	0	0	0	0	0	0
2321	10802	1976	471	14	0	0	0	0	0	0
2322	10803	471	1999	245	237	2	61	2	59	1
2323	10804	1421	475	1029	0	0	0	0	0	0
2324	10805	475	525	448	0	0	0	0	0	0
2325	10807	1585	712	8	0	0	0	0	0	0
2326	10808	712	715	97	457	2	155	2	204	2
2327	10811	1973	716	93	0	0	0	0	0	0
2328	10812	716	1974	325	71	1	23	1	0	0
2329	10814	732	1232	18	0	0	0	0	0	0
2330	10821	524	472	417	0	0	0	0	0	0
2331	10836	714	2112	98	227	2	71	2	119	2
2332	11808	239	1368	107	0	0	0	0	0	0
2333	11809	1687	2113	526	379	2	148	2	204	2
2334	11810	2113	1694	552	645	4	189	4	221	3
2335	11811	760	745	378	208	3	73	3	306	3
2336	11812	745	2083	238	0	0	0	0	0	0
2337	11815	1368	479	193	0	0	0	0	0	0
2338	11822	2114	1768	49	70	1	24	1	0	0
2339	11823	1768	2115	159	267	1	73	1	0	0
2340	11824	301	2116	310	149	1	55	1	102	1
2341	11825	1231	195	141	0	0	0	0	0	0
2342	11826	195	2085	455	0	0	0	0	0	0
2343	11828	193	761	967	294	2	114	2	204	2
2344	11832	2117	1302	600	151	1	53	1	102	1
2345	11833	2118	1905	261	75	1	19	1	102	1
2346	11834	408	2119	360	156	1	48	1	102	1
2347	11839	1966	2120	8	158	1	46	1	102	1
2348	11844	2121	877	308	179	1	59	1	0	0
2349	11850	2122	353	247	71	1	23	1	0	0
2350	11851	731	214	113	0	0	0	0	0	0
2351	11854	1831	198	441	74	1	20	1	102	1
2352	11855	198	423	121	0	0	0	0	0	0
2353	11896	2123	2124	60	514	6	200	6	357	6
2354	11960	2125	1654	116	150	1	38	1	102	1
2355	11961	2126	1656	132	302	1	106	1	102	1
2356	11962	958	2127	31	308	2	100	2	102	1
2357	11963	2096	2128	33	241	3	65	3	306	3
2358	11964	945	15	54	93	1	26	1	102	1
2359	11965	2129	954	78	355	3	131	3	306	3
2360	11966	2130	2093	24	232	2	66	2	204	2
2361	12002	1968	2131	64	218	2	80	2	204	2
2362	12006	0	2132	32	96	1	23	1	59	1
2363	12007	2067	476	449	0	0	0	0	0	0
2364	12008	476	1367	800	0	0	0	0	0	0
2365	12009	1796	2102	19	73	1	21	1	59	1
2366	12033	1927	2123	67	369	3	151	3	306	3
2367	12034	2123	1932	49	0	0	0	0	0	0
2368	12036	31	93	80	0	0	0	0	0	0
2369	12086	1433	2133	84	12558	21	4282	21	102	1
2370	12087	694	2134	52	745	1	275	1	255	1
2371	12088	695	2057	58	294	2	114	2	204	2
2372	12089	1856	2135	39	323	2	85	2	204	2
2373	12090	346	2136	119	252	2	71	2	161	2
2374	12091	1611	2137	24	147	1	57	1	102	1
2375	12092	2138	31	58	225	2	73	2	102	1
2376	12116	2139	2140	42	1494	9	580	9	833	9
2377	12117	2140	1487	64	1295	2	405	2	255	1
2378	-2	1057	1201	1	0	0	0	0	0	0
2379	-3	1075	1078	1	0	0	0	0	0	0
2380	-4	1171	1202	1	0	0	0	0	0	0
2381	-8	51	1618	181	0	0	0	0	0	0
2382	-9	59	466	405	0	0	0	0	0	0
2383	-10	88	1922	479	0	0	0	0	0	0
2384	-11	138	139	243	0	0	0	0	0	0
2385	-12	140	153	124	0	0	0	0	0	0
2386	-13	385	395	1015	0	0	0	0	0	0
2387	-14	426	429	214	0	0	0	0	0	0
2388	-15	92	85	662	0	0	0	0	0	0
2389	-17	1695	2068	1174	0	0	0	0	0	0
2390	-19	481	339	1049	0	0	0	0	0	0
2391	-20	614	136	720	0	0	0	0	0	0
2392	-21	140	618	296	0	0	0	0	0	0
2393	-22	225	1493	84	0	0	0	0	0	0
2394	-23	237	761	1378	0	0	0	0	0	0
2395	-24	925	123	106	0	0	0	0	0	0
2396	-25	1040	1277	353	0	0	0	0	0	0
2397	-26	1120	2070	20	0	0	0	0	0	0
2398	-28	68	1327	274	0	0	0	0	0	0
2399	-29	777	778	74	0	0	0	0	0	0
2400	-30	1421	1422	860	0	0	0	0	0	0
2401	-31	1493	30	215	0	0	0	0	0	0
2402	-32	1555	1556	520	0	0	0	0	0	0
2403	-33	159	1958	973	0	0	0	0	0	0
2404	-35	1618	1635	47	0	0	0	0	0	0
2405	-36	1059	1344	487	0	0	0	0	0	0
2406	-37	963	972	150	0	0	0	0	0	0
2407	-38	1763	133	378	0	0	0	0	0	0
2408	-39	679	777	138	0	0	0	0	0	0
2409	-40	1366	1685	998	0	0	0	0	0	0
2410	-41	1291	1385	282	0	0	0	0	0	0
2411	-42	1528	767	483	0	0	0	0	0	0
2412	-43	1478	1477	1039	0	0	0	0	0	0
2413	-44	146	260	1085	0	0	0	0	0	0
2414	-46	1199	1691	852	0	0	0	0	0	0
2415	-47	1092	1093	51	0	0	0	0	0	0
2416	-48	39	2141	1	0	0	0	0	0	0
2417	151	2141	40	73	549	4	182	4	365	4
2418	-7	39	40	73	0	0	0	0	0	0
END				
-----------------------------------------				
InputUsedToGenerateTheGraph:				
County:	Norddjurs			
CenterNodeId:	754			
Radius:	12000			
HouseTypes:	Normal	Summer	Apartment	
NumberOfWasteFractions: 2				
IntervalsForWasteFraction:	general	3.5	7.0	14.0
IntervalsForWasteFraction:	paper	7.0	14.0	28.0
-----------------------------------------				


